SysID,Thread ID,time,inetrval
14,0,0.0790,0.0790
35,0,0.1030,0.0240
35,0,0.1130,0.0100
35,0,0.2160,0.1030
80,0,0.2290,0.0130
80,0,0.2300,0.0010
35,0,0.2340,0.0040
35,0,0.2380,0.0040
18,0,0.2400,0.0020
18,0,0.2410,0.0010
23,0,0.2420,0.0010
33,0,0.2430,0.0010
18,0,0.2660,0.0230
35,0,0.3090,0.0430
18,0,0.3100,0.0010
23,0,0.3110,0.0010
15,0,0.3120,0.0010
18,0,0.3140,0.0020
23,0,0.3150,0.0010
15,0,0.3160,0.0010
37,0,0.3290,0.0130
353,0,0.3400,0.0110
172,0,0.3420,0.0020
204,0,0.3430,0.0010
415,0,0.3440,0.0010
195,0,0.3500,0.0060
144,0,0.3510,0.0010
195,0,0.3530,0.0020
415,0,0.3570,0.0040
415,0,0.3580,0.0010
80,0,0.3780,0.0200
55,0,0.4110,0.0330
40,0,0.4220,0.0110
49,0,0.4480,0.0260
80,0,0.4540,0.0060
80,0,0.4550,0.0010
80,0,0.4560,0.0010
80,0,0.4600,0.0040
80,0,0.4620,0.0020
346,0,0.4720,0.0100
80,0,0.5090,0.0370
367,0,0.5380,0.0290
15,0,0.5410,0.0030
67,2,0.5470,0.0060
55,0,0.5530,0.0060
40,0,0.5590,0.0060
1,2,0.5610,0.0020
49,0,0.5760,0.0150
467,2,0.5770,0.0010
80,0,0.6090,0.0320
35,2,0.6130,0.0040
80,0,0.6150,0.0020
80,0,0.6160,0.0010
35,2,0.6220,0.0060
35,2,0.6230,0.0010
55,0,0.6240,0.0010
55,0,0.6240,0.0010
35,2,0.6270,0.0030
49,0,0.6280,0.0010
80,2,0.6290,0.0010
80,0,0.6330,0.0040
80,0,0.6370,0.0040
80,0,0.6410,0.0040
80,0,0.6420,0.0010
80,0,0.6430,0.0010
28,2,0.6450,0.0020
80,0,0.6480,0.0030
80,0,0.6490,0.0010
14,2,0.6510,0.0020
467,2,0.6640,0.0130
24,0,0.6690,0.0050
367,0,0.6970,0.0280
35,2,0.6980,0.0010
55,0,0.6980,0.0010
467,3,0.7020,0.0040
35,2,0.7020,0.0040
35,2,0.7050,0.0030
35,2,0.7060,0.0010
367,3,0.7120,0.0060
35,2,0.7130,0.0010
35,2,0.7140,0.0010
35,3,0.7150,0.0010
35,2,0.7190,0.0040
464,4,0.7260,0.0070
35,2,0.7270,0.0010
35,2,0.7280,0.0010
24,0,0.7290,0.0010
464,3,0.7310,0.0020
35,2,0.7320,0.0010
464,2,0.7330,0.0010
18,0,0.7430,0.0100
24,0,0.7480,0.0050
24,0,0.7490,0.0010
112,0,0.7630,0.0140
112,4,0.7720,0.0090
112,3,0.7730,0.0010
464,2,0.7740,0.0010
112,4,0.7760,0.0020
35,3,0.7770,0.0010
464,3,0.7850,0.0080
355,4,0.8030,0.0180
55,0,0.8110,0.0080
355,4,0.8140,0.0030
464,2,0.8170,0.0030
112,0,0.8190,0.0020
35,2,0.8330,0.0140
464,2,0.8340,0.0010
464,0,0.8350,0.0010
18,4,0.8460,0.0110
23,4,0.8470,0.0010
112,2,0.8550,0.0080
35,3,0.8690,0.0140
35,2,0.8870,0.0180
35,3,0.8880,0.0010
35,3,0.8890,0.0010
24,4,0.8920,0.0030
35,2,0.9040,0.0120
24,4,0.9060,0.0020
464,0,0.9070,0.0010
112,4,0.9080,0.0010
35,3,0.9140,0.0060
112,0,0.9150,0.0010
464,0,0.9170,0.0020
35,3,0.9200,0.0030
112,4,0.9210,0.0010
35,3,0.9300,0.0090
35,3,0.9390,0.0090
35,3,0.9500,0.0110
61,4,0.9590,0.0090
61,0,0.9600,0.0010
61,0,0.9600,0.0010
464,0,0.9690,0.0090
467,2,0.9700,0.0010
51,0,0.9770,0.0070
35,3,0.9780,0.0010
51,4,0.9790,0.0010
74,0,0.9800,0.0010
40,0,0.9810,0.0010
35,3,0.9830,0.0020
49,0,0.9840,0.0010
35,3,0.9960,0.0120
49,4,0.9960,0.0120
464,0,0.9970,0.0010
464,0,0.9970,0.0010
80,4,0.9990,0.0020
80,4,1.0000,0.0010
80,4,1.0000,0.0010
464,4,1.0010,0.0010
35,3,1.0020,0.0010
15,4,1.0030,0.0010
35,3,1.0060,0.0030
35,4,1.0060,0.0030
4,0,1.0070,0.0010
35,3,1.0080,0.0010
35,3,1.0080,0.0010
76,0,1.0260,0.0180
76,0,1.0300,0.0040
414,0,1.0330,0.0030
14,0,1.0340,0.0010
414,0,1.0430,0.0090
24,0,1.0740,0.0310
30,0,1.0750,0.0010
24,0,1.0760,0.0010
24,0,1.1250,0.0490
73,0,1.1410,0.0160
73,0,1.1450,0.0040
24,0,1.1500,0.0050
24,0,1.1590,0.0090
24,0,1.1770,0.0180
18,0,1.2210,0.0440
23,0,1.2250,0.0040
23,0,1.2360,0.0110
24,0,1.2580,0.0220
35,0,1.2730,0.0150
414,0,1.2970,0.0240
414,0,1.3100,0.0130
451,0,1.3340,0.0240
451,0,1.3550,0.0210
451,0,1.3580,0.0030
451,0,1.3720,0.0140
414,0,1.3740,0.0020
339,0,1.3850,0.0110
414,0,1.3910,0.0060
451,0,1.3980,0.0070
14,0,1.4080,0.0100
415,0,1.4180,0.0100
14,0,1.4210,0.0030
67,0,1.4220,0.0010
35,0,1.4310,0.0090
35,0,1.4320,0.0010
35,0,1.4330,0.0010
7,0,1.4700,0.0370
33,0,1.5150,0.0450
140,0,1.5270,0.0120
33,0,1.5430,0.0160
18,0,1.5540,0.0110
18,0,1.5570,0.0030
50,0,1.5580,0.0010
18,0,1.5600,0.0020
23,0,1.5610,0.0010
15,0,1.5620,0.0010
18,0,1.5700,0.0080
15,0,1.5710,0.0010
18,0,1.5720,0.0010
18,0,1.5820,0.0100
18,0,1.5830,0.0010
50,0,1.5860,0.0030
18,0,1.6210,0.0350
23,0,1.6230,0.0020
7,0,1.7920,0.1690
246,0,1.7970,0.0050
246,0,1.7980,0.0010
33,0,1.8220,0.0240
18,0,1.8230,0.0010
15,0,1.8240,0.0010
18,0,1.8270,0.0030
18,0,1.8280,0.0010
18,0,1.8290,0.0010
18,0,1.8370,0.0080
18,0,1.8380,0.0010
18,0,1.8400,0.0020
23,0,1.8410,0.0010
15,0,1.8450,0.0040
15,0,1.8460,0.0010
18,0,1.8490,0.0030
18,0,1.8500,0.0010
23,0,1.8520,0.0020
15,0,1.8630,0.0110
18,0,1.8670,0.0040
18,0,1.8680,0.0010
296,0,1.8950,0.0270
33,0,1.8960,0.0010
15,0,1.9000,0.0040
288,0,1.9090,0.0090
22,0,1.9190,0.0100
288,0,1.9210,0.0020
22,0,1.9320,0.0110
23,0,1.9430,0.0110
23,0,1.9490,0.0060
22,0,1.9650,0.0160
22,0,2.0010,0.0360
18,0,2.0030,0.0020
22,0,2.0050,0.0020
22,0,2.0070,0.0020
18,0,2.0200,0.0130
22,0,2.0240,0.0040
22,0,2.0250,0.0010
18,0,2.0260,0.0010
15,0,2.0290,0.0030
72,0,2.0330,0.0040
23,0,2.0370,0.0040
23,0,2.0410,0.0040
22,0,2.0570,0.0160
23,0,2.0580,0.0010
281,0,2.0630,0.0050
23,0,2.0640,0.0010
22,0,2.0670,0.0030
23,0,2.0680,0.0010
23,0,2.0690,0.0010
22,0,2.0700,0.0010
22,0,2.0730,0.0030
23,0,2.0760,0.0030
23,0,2.0770,0.0010
15,0,2.0860,0.0090
22,0,2.0870,0.0010
23,0,2.0880,0.0010
15,0,2.0890,0.0010
4,0,2.0910,0.0020
296,0,2.0960,0.0050
25,0,2.0980,0.0020
72,0,2.1100,0.0120
22,0,2.1140,0.0040
281,0,2.1170,0.0030
23,0,2.1180,0.0010
22,0,2.1190,0.0010
22,0,2.1230,0.0040
23,0,2.1240,0.0010
23,0,2.1270,0.0030
23,0,2.1290,0.0020
23,0,2.1300,0.0010
23,0,2.1310,0.0010
23,0,2.1320,0.0010
23,0,2.1330,0.0010
23,0,2.1350,0.0020
23,0,2.1380,0.0030
15,0,2.1400,0.0020
22,0,2.1420,0.0020
23,0,2.1430,0.0010
23,0,2.1440,0.0010
4,0,2.1450,0.0010
15,0,2.1510,0.0060
54,0,2.1550,0.0040
54,0,2.1560,0.0010
25,0,2.1580,0.0020
22,0,2.1600,0.0020
23,0,2.1630,0.0030
23,0,2.1650,0.0020
60,0,2.1820,0.0170
37,0,2.2000,0.0180
55,0,2.2030,0.0030
49,0,2.2060,0.0030
80,0,2.2070,0.0010
4,0,2.2080,0.0010
80,4,2.2120,0.0040
76,0,2.2140,0.0020
14,0,2.2210,0.0070
80,0,2.2220,0.0010
355,0,2.2580,0.0360
72,0,2.2670,0.0090
201,0,2.2680,0.0010
435,0,2.2700,0.0020
144,0,2.2740,0.0040
442,0,2.2880,0.0140
355,0,2.2970,0.0090
442,0,2.3010,0.0040
355,0,2.3020,0.0010
355,0,2.3260,0.0240
430,0,2.3570,0.0310
85,0,2.3670,0.0100
72,0,2.3730,0.0060
7,0,2.3740,0.0010
15,0,2.3750,0.0010
72,0,2.3810,0.0060
7,0,2.3820,0.0010
15,0,2.3830,0.0010
37,0,2.4100,0.0270
55,0,2.4150,0.0050
61,0,2.4170,0.0020
51,0,2.4190,0.0020
49,0,2.4200,0.0010
80,0,2.4210,0.0010
80,0,2.4230,0.0020
15,0,2.4240,0.0010
76,0,2.4260,0.0020
191,0,2.4360,0.0100
191,0,2.4380,0.0020
191,0,2.4400,0.0020
14,0,2.4420,0.0020
24,0,2.4520,0.0100
24,0,2.4530,0.0010
24,0,2.4540,0.0010
72,0,2.4670,0.0130
15,0,2.4680,0.0010
15,0,2.4690,0.0010
30,0,2.4770,0.0080
24,0,2.4980,0.0210
72,0,2.5110,0.0130
72,0,2.5120,0.0010
15,0,2.5130,0.0010
72,0,2.5170,0.0040
7,0,2.5180,0.0010
15,0,2.5190,0.0010
30,0,2.5730,0.0540
24,0,2.5740,0.0010
72,0,2.5780,0.0040
15,0,2.5800,0.0020
194,0,2.5850,0.0050
22,0,2.5970,0.0120
29,0,2.5980,0.0010
22,0,2.6040,0.0060
22,0,2.6060,0.0020
22,0,2.6070,0.0010
22,0,2.6080,0.0010
15,0,2.6090,0.0010
431,0,2.6200,0.0110
72,0,2.6630,0.0430
7,0,2.6640,0.0010
15,0,2.6650,0.0010
72,0,2.6690,0.0040
24,0,2.6700,0.0010
15,0,2.6710,0.0010
72,0,2.6740,0.0030
72,0,2.6780,0.0040
24,0,2.7040,0.0260
37,0,2.7110,0.0070
61,0,2.7190,0.0080
49,0,2.7300,0.0110
80,0,2.7310,0.0010
76,0,2.7320,0.0010
451,0,2.7380,0.0060
339,0,2.7430,0.0050
14,0,2.7470,0.0040
80,0,2.7530,0.0060
54,0,2.7880,0.0350
22,0,2.7990,0.0110
23,0,2.8030,0.0040
15,0,2.8060,0.0030
72,0,2.8150,0.0090
18,0,2.8710,0.0560
18,0,2.8720,0.0010
18,0,2.8740,0.0020
23,0,2.8750,0.0010
15,0,2.8760,0.0010
18,0,2.8780,0.0020
15,0,2.8790,0.0010
18,0,2.8800,0.0010
18,0,2.8890,0.0090
18,0,2.8900,0.0010
33,0,2.9040,0.0140
88,0,2.9090,0.0050
347,0,2.9100,0.0010
347,0,2.9110,0.0010
36,0,2.9120,0.0010
296,0,2.9140,0.0020
33,0,2.9190,0.0050
33,0,2.9220,0.0030
33,0,2.9230,0.0010
33,0,2.9240,0.0010
33,0,2.9250,0.0010
33,0,2.9260,0.0010
24,0,2.9330,0.0070
33,0,2.9960,0.0630
33,0,2.9980,0.0020
15,0,3.0210,0.0230
15,0,3.0220,0.0010
22,0,3.0310,0.0090
18,0,3.0320,0.0010
54,0,3.0340,0.0020
25,0,3.0350,0.0010
25,0,3.0360,0.0010
451,0,3.0410,0.0050
451,0,3.0450,0.0040
22,0,3.0480,0.0030
23,0,3.0500,0.0020
15,0,3.0510,0.0010
72,0,3.0740,0.0230
60,0,3.0790,0.0050
36,0,3.1420,0.0630
36,0,3.1430,0.0010
36,0,3.1890,0.0460
33,0,3.2010,0.0120
122,0,3.2080,0.0070
137,0,3.2090,0.0010
36,0,3.2290,0.0200
13,0,3.2300,0.0010
127,0,3.2310,0.0010
13,0,3.2330,0.0020
24,0,3.2570,0.0240
140,0,3.2640,0.0070
140,0,3.3750,0.1110
131,0,3.5000,0.1250
430,0,3.5120,0.0120
37,0,3.5560,0.0440
49,0,3.5570,0.0010
80,0,3.5580,0.0010
76,0,3.5590,0.0010
451,0,3.5660,0.0070
339,0,3.5710,0.0050
14,0,3.5730,0.0020
36,0,3.5840,0.0110
36,0,3.5870,0.0030
122,0,3.5880,0.0010
131,0,3.6070,0.0190
80,0,3.6160,0.0090
36,0,3.6220,0.0060
36,0,3.6260,0.0040
13,0,3.6270,0.0010
140,0,3.6660,0.0390
131,0,3.6860,0.0200
80,0,3.7060,0.0200
72,0,3.7090,0.0030
7,0,3.7100,0.0010
15,0,3.7110,0.0010
22,0,3.7190,0.0080
22,0,3.7200,0.0010
23,0,3.7220,0.0020
15,0,3.7230,0.0010
15,0,3.7240,0.0010
72,0,3.7270,0.0030
15,0,3.7280,0.0010
72,0,3.7290,0.0010
23,0,3.7300,0.0010
37,0,3.7390,0.0090
49,0,3.7410,0.0020
367,0,3.7420,0.0010
451,0,3.7640,0.0220
451,0,3.7650,0.0010
451,0,3.7730,0.0080
451,0,3.7780,0.0050
72,0,3.7900,0.0120
80,0,3.7970,0.0070
72,0,3.7980,0.0010
72,0,3.8050,0.0070
72,0,3.8070,0.0020
339,0,3.8090,0.0020
18,0,3.8120,0.0030
22,0,3.8150,0.0030
22,0,3.8190,0.0040
14,0,3.8240,0.0050
80,0,3.8340,0.0100
33,0,3.8530,0.0190
33,0,3.8570,0.0040
15,0,3.8580,0.0010
33,0,3.8590,0.0010
33,0,3.8620,0.0030
33,0,3.8640,0.0020
15,0,3.8650,0.0010
33,0,3.8910,0.0260
137,0,3.8920,0.0010
140,0,3.9000,0.0080
140,0,3.9390,0.0390
85,0,3.9830,0.0440
7,0,3.9850,0.0020
85,0,3.9880,0.0030
85,0,3.9890,0.0010
72,0,3.9920,0.0030
30,0,4.0080,0.0160
24,0,4.0130,0.0050
72,0,4.0180,0.0050
7,0,4.0190,0.0010
24,0,4.0200,0.0010
36,0,4.0220,0.0020
36,0,4.0230,0.0010
36,0,4.0240,0.0010
15,0,4.0250,0.0010
22,0,4.0260,0.0010
140,0,4.0290,0.0030
85,0,4.0300,0.0010
15,0,4.0310,0.0010
24,0,4.0360,0.0050
72,0,4.1200,0.0840
72,0,4.1210,0.0010
72,0,4.1240,0.0030
72,0,4.1260,0.0020
72,0,4.1290,0.0030
72,0,4.1310,0.0020
72,0,4.1340,0.0030
72,0,4.1350,0.0010
72,0,4.1360,0.0010
72,0,4.1370,0.0010
72,0,4.1560,0.0190
15,0,4.1570,0.0010
72,0,4.1590,0.0020
72,0,4.1620,0.0030
72,0,4.1640,0.0020
15,0,4.1650,0.0010
72,0,4.2090,0.0440
72,0,4.2120,0.0030
18,0,4.4150,0.2030
51,0,4.4260,0.0110
74,0,4.4280,0.0020
15,0,4.4290,0.0010
35,0,4.4340,0.0050
35,0,4.4380,0.0040
35,0,4.4480,0.0100
35,0,4.4510,0.0030
35,0,4.4560,0.0050
8,0,4.5290,0.0730
35,0,4.5460,0.0170
35,0,4.5470,0.0010
35,0,4.5480,0.0010
8,0,4.5530,0.0050
35,0,4.5560,0.0030
35,0,4.5570,0.0010
35,0,4.5580,0.0010
35,0,4.5600,0.0020
35,0,4.5610,0.0010
35,0,4.5620,0.0010
35,0,4.5630,0.0010
35,0,4.5640,0.0010
35,0,4.5650,0.0010
44,0,4.5880,0.0230
15,0,4.6120,0.0240
15,0,4.6150,0.0030
15,0,4.6190,0.0040
15,0,4.6210,0.0020
15,0,4.6510,0.0300
15,0,4.6570,0.0060
15,0,4.6600,0.0030
15,0,4.6640,0.0040
15,0,4.6650,0.0010
15,0,4.6660,0.0010
15,0,4.6690,0.0030
15,0,4.6790,0.0100
15,0,4.6890,0.0100
15,0,4.6910,0.0020
15,0,4.6920,0.0010
15,0,4.7060,0.0140
