SysID,Thread ID,time,inetrval
14,0,0.0770,0.0770
35,0,0.1000,0.0230
35,0,0.1110,0.0110
35,0,0.2140,0.1030
80,0,0.2270,0.0130
80,0,0.2280,0.0010
35,0,0.2320,0.0040
35,0,0.2360,0.0040
35,0,0.2370,0.0010
18,0,0.2390,0.0020
18,0,0.2400,0.0010
23,0,0.2410,0.0010
33,0,0.2420,0.0010
18,0,0.2650,0.0230
35,0,0.3120,0.0470
18,0,0.3140,0.0020
23,0,0.3150,0.0010
18,0,0.3180,0.0030
23,0,0.3190,0.0010
37,0,0.3320,0.0130
353,0,0.3430,0.0110
172,0,0.3450,0.0020
204,0,0.3470,0.0020
415,0,0.3480,0.0010
195,0,0.3530,0.0050
201,0,0.3540,0.0010
144,0,0.3550,0.0010
195,0,0.3560,0.0010
415,0,0.3600,0.0040
415,0,0.3610,0.0010
80,0,0.3820,0.0210
55,0,0.4140,0.0320
40,0,0.4240,0.0100
49,0,0.4500,0.0260
80,0,0.4560,0.0060
80,0,0.4570,0.0010
80,0,0.4580,0.0010
80,0,0.4650,0.0070
80,0,0.4680,0.0030
346,0,0.4780,0.0100
346,0,0.4790,0.0010
80,0,0.5140,0.0350
367,0,0.5410,0.0270
15,0,0.5430,0.0020
67,2,0.5490,0.0060
55,0,0.5580,0.0090
1,2,0.5630,0.0050
467,2,0.5710,0.0080
367,2,0.5920,0.0210
55,0,0.6110,0.0190
35,2,0.6120,0.0010
24,3,0.6210,0.0090
35,2,0.6250,0.0040
35,2,0.6300,0.0050
464,0,0.6330,0.0030
35,2,0.6340,0.0010
112,3,0.6650,0.0310
35,2,0.6670,0.0020
35,2,0.6730,0.0060
467,3,0.6750,0.0020
35,2,0.6770,0.0020
355,3,0.7010,0.0240
35,2,0.7110,0.0100
35,2,0.7120,0.0010
35,2,0.7200,0.0080
35,2,0.7200,0.0080
355,3,0.7210,0.0010
18,3,0.7320,0.0110
23,3,0.7340,0.0020
35,2,0.7500,0.0160
80,0,0.7510,0.0010
80,0,0.7510,0.0010
35,2,0.7540,0.0030
80,0,0.7540,0.0030
80,0,0.7560,0.0020
35,2,0.7570,0.0010
35,2,0.7580,0.0010
24,3,0.7590,0.0010
80,2,0.7600,0.0010
80,0,0.7770,0.0170
18,3,0.7780,0.0010
464,2,0.7810,0.0030
464,0,0.7820,0.0010
24,3,0.7870,0.0050
24,3,0.7880,0.0010
24,3,0.7990,0.0110
112,3,0.8020,0.0030
112,2,0.8080,0.0060
464,2,0.8180,0.0100
112,0,0.8240,0.0060
55,0,0.8390,0.0150
28,2,0.8700,0.0310
61,3,0.8900,0.0200
467,2,0.9050,0.0150
40,0,0.9190,0.0140
464,3,0.9290,0.0100
112,0,0.9320,0.0030
49,0,0.9330,0.0010
80,0,0.9390,0.0060
80,0,0.9410,0.0020
51,3,0.9420,0.0010
80,0,0.9430,0.0010
74,3,0.9440,0.0010
40,3,0.9490,0.0050
80,0,0.9510,0.0020
80,3,0.9540,0.0030
112,3,0.9550,0.0010
49,0,0.9580,0.0030
80,0,0.9590,0.0010
80,0,0.9600,0.0010
80,0,0.9610,0.0010
80,0,0.9620,0.0010
112,3,0.9630,0.0010
367,3,0.9640,0.0010
15,3,0.9660,0.0020
35,2,0.9670,0.0010

35,2,0.9670,0.0010
61,4,0.9690,0.0020
15,3,0.9700,0.0010
464,4,0.9710,0.0010
112,0,0.9720,0.0010
35,2,0.9750,0.0030
51,4,0.9760,0.0010
74,4,0.9770,0.0010
40,4,0.9780,0.0010
49,4,0.9800,0.0020
35,0,0.9820,0.0020
80,4,0.9830,0.0010
35,0,0.9840,0.0010
35,0,0.9840,0.0010
80,4,0.9850,0.0010
35,3,0.9860,0.0010
35,0,0.9860,0.0010
35,2,0.9880,0.0020
35,2,0.9880,0.0020
35,2,0.9940,0.0060
80,4,0.9950,0.0010
35,0,0.9960,0.0010
35,3,0.9970,0.0010
35,2,0.9970,0.0010
35,3,0.9980,0.0010
35,2,0.9990,0.0010
35,3,1.0030,0.0040
15,4,1.0030,0.0040
35,2,1.0040,0.0010
35,4,1.0050,0.0010
35,3,1.0060,0.0010
35,3,1.0060,0.0010
35,3,1.0060,0.0010
35,0,1.0070,0.0010
35,3,1.0080,0.0010
35,3,1.0080,0.0010
14,0,1.0090,0.0010
76,0,1.0260,0.0170
76,0,1.0300,0.0040
76,0,1.0420,0.0120
76,0,1.0430,0.0010
414,0,1.0460,0.0030
414,0,1.0550,0.0090
24,0,1.0870,0.0320
30,0,1.0880,0.0010
24,0,1.0890,0.0010
73,0,1.1520,0.0630
73,0,1.1560,0.0040
24,0,1.1600,0.0040
24,0,1.1700,0.0100
24,0,1.1870,0.0170
18,0,1.2300,0.0430
23,0,1.2340,0.0040
23,0,1.2450,0.0110
24,0,1.2670,0.0220
35,0,1.2830,0.0160
414,0,1.3060,0.0230
414,0,1.3190,0.0130
451,0,1.3660,0.0470
451,0,1.3800,0.0140
451,0,1.4660,0.0860
414,0,1.4690,0.0030
451,0,1.4930,0.0240
451,0,1.4980,0.0050
451,0,1.5010,0.0030
451,0,1.5020,0.0010
414,0,1.5040,0.0020
35,0,1.5210,0.0170
35,0,1.5250,0.0040
35,0,1.5260,0.0010
35,0,1.5350,0.0090
35,0,1.5380,0.0030
35,0,1.5430,0.0050
35,0,1.5460,0.0030
73,0,1.5700,0.0240
73,0,1.5710,0.0010
35,0,1.6050,0.0340
24,0,1.6300,0.0250
24,0,1.6320,0.0020
414,0,1.6540,0.0220
191,0,1.6920,0.0380
191,0,1.6930,0.0010
191,0,1.6950,0.0020
191,0,1.6990,0.0040
191,0,1.7010,0.0020
414,0,1.7020,0.0010
14,0,1.7280,0.0260
415,0,1.7360,0.0080
14,0,1.7390,0.0030
448,0,1.7400,0.0010
35,0,1.7490,0.0090
35,0,1.7500,0.0010
35,0,1.7510,0.0010
24,0,1.7740,0.0230
24,0,1.7800,0.0060
24,0,1.7810,0.0010
24,0,1.7940,0.0130
7,0,1.8060,0.0120
246,0,1.8110,0.0050
246,0,1.8130,0.0020
33,0,1.8370,0.0240
18,0,1.8380,0.0010
18,0,1.8400,0.0020
18,0,1.8430,0.0030
33,0,1.8440,0.0010
18,0,1.8450,0.0010
15,0,1.8460,0.0010
18,0,1.8530,0.0070
18,0,1.8540,0.0010
18,0,1.8550,0.0010
18,0,1.8560,0.0010
23,0,1.8580,0.0020
15,0,1.8620,0.0040
18,0,1.8660,0.0040
23,0,1.8670,0.0010
23,0,1.8680,0.0010
15,0,1.8780,0.0100
18,0,1.8820,0.0040
18,0,1.8840,0.0020
7,0,1.8960,0.0120
33,0,1.9400,0.0440
140,0,1.9500,0.0100
33,0,1.9660,0.0160
18,0,1.9690,0.0030
15,0,1.9700,0.0010
18,0,1.9720,0.0020
23,0,1.9740,0.0020
18,0,1.9820,0.0080
23,0,1.9830,0.0010
15,0,1.9840,0.0010
18,0,1.9850,0.0010
18,0,1.9940,0.0090
15,0,1.9950,0.0010
50,0,1.9970,0.0020
50,0,1.9980,0.0010
18,0,2.0170,0.0190
23,0,2.0180,0.0010
54,0,2.1450,0.1270
288,0,2.1640,0.0190
22,0,2.1750,0.0110
288,0,2.1770,0.0020
23,0,2.1930,0.0160
28,0,2.2050,0.0120
15,0,2.2060,0.0010
72,0,2.2150,0.0090
18,0,2.2710,0.0560
18,0,2.2720,0.0010
18,0,2.2740,0.0020
23,0,2.2750,0.0010
15,0,2.2770,0.0020
18,0,2.2790,0.0020
18,0,2.2800,0.0010
18,0,2.2880,0.0080
18,0,2.2890,0.0010
33,0,2.3040,0.0150
88,0,2.3100,0.0060
347,0,2.3110,0.0010
36,0,2.3120,0.0010
296,0,2.3140,0.0020
33,0,2.3190,0.0050
33,0,2.3220,0.0030
33,0,2.3230,0.0010
33,0,2.3240,0.0010
33,0,2.3250,0.0010
33,0,2.3260,0.0010
33,0,2.3950,0.0690
33,0,2.3960,0.0010
33,0,2.3970,0.0010
28,0,2.4280,0.0310
15,0,2.4290,0.0010
15,0,2.4310,0.0020
22,0,2.4390,0.0080
18,0,2.4410,0.0020
15,0,2.4420,0.0010
22,0,2.4440,0.0020
22,0,2.4450,0.0010
18,0,2.4560,0.0110
54,0,2.4660,0.0100
25,0,2.4670,0.0010
25,0,2.4680,0.0010
451,0,2.4740,0.0060
451,0,2.4780,0.0040
22,0,2.4800,0.0020
23,0,2.4840,0.0040
15,0,2.4860,0.0020
72,0,2.4900,0.0040
60,0,2.4970,0.0070
33,0,2.5720,0.0750
121,0,2.5780,0.0060
137,0,2.5790,0.0010
140,0,2.6320,0.0530
140,0,2.7060,0.0740
430,0,2.8270,0.1210
140,0,2.8650,0.0380
140,0,2.9320,0.0670
140,0,2.9400,0.0080
140,0,2.9470,0.0070
140,0,2.9530,0.0060
140,0,2.9580,0.0050
140,0,2.9610,0.0030
140,0,2.9690,0.0080
140,0,2.9700,0.0010
140,0,2.9710,0.0010
140,0,2.9720,0.0010
140,0,2.9760,0.0040
140,0,2.9770,0.0010
140,0,2.9780,0.0010
140,0,2.9790,0.0010
140,0,2.9800,0.0010
140,0,2.9810,0.0010
140,0,2.9840,0.0030
140,0,2.9850,0.0010
140,0,2.9870,0.0020
140,0,2.9880,0.0010
140,0,2.9890,0.0010
140,0,2.9910,0.0020
140,0,2.9920,0.0010
140,0,2.9930,0.0010
140,0,2.9940,0.0010
140,0,2.9950,0.0010
140,0,2.9960,0.0010
140,0,2.9970,0.0010
140,0,2.9980,0.0010
140,0,2.9990,0.0010
140,0,3.0000,0.0010
140,0,3.0010,0.0010
140,0,3.0020,0.0010
140,0,3.0030,0.0010
140,0,3.0040,0.0010
140,0,3.0050,0.0010
296,0,3.0140,0.0090
140,0,3.0570,0.0430
140,0,3.1060,0.0490
140,0,3.1110,0.0050
65,0,3.1200,0.0090
15,0,3.1220,0.0020
140,0,3.1500,0.0280
18,0,3.3280,0.1780
18,0,3.3310,0.0030
51,0,3.3430,0.0120
74,0,3.3540,0.0110
40,0,3.3550,0.0010
15,0,3.3560,0.0010
35,0,3.3610,0.0050
35,0,3.3650,0.0040
35,0,3.3750,0.0100
35,0,3.3770,0.0020
35,0,3.3810,0.0040
18,0,3.3990,0.0180
74,0,3.4000,0.0010
35,0,3.4010,0.0010
7,0,3.4670,0.0660
7,0,3.5010,0.0340
8,0,3.5060,0.0050
44,0,3.5540,0.0480
15,0,3.5970,0.0430
15,0,3.5980,0.0010
15,0,3.6000,0.0020
15,0,3.6020,0.0020
15,0,3.6350,0.0330
15,0,3.6450,0.0100
15,0,3.6670,0.0220
