SysID,Thread ID,time,inetrval
14,0,0.0780,0.0780
35,0,0.1010,0.0230
35,0,0.1110,0.0100
35,0,0.2140,0.1030
80,0,0.2260,0.0120
80,0,0.2270,0.0010
35,0,0.2310,0.0040
35,0,0.2320,0.0010
35,0,0.2350,0.0030
80,0,0.2360,0.0010
18,0,0.2380,0.0020
18,0,0.2390,0.0010
15,0,0.2400,0.0010
33,0,0.2410,0.0010
18,0,0.2640,0.0230
35,0,0.3070,0.0430
18,0,0.3090,0.0020
23,0,0.3100,0.0010
18,0,0.3130,0.0030
23,0,0.3140,0.0010
15,0,0.3150,0.0010
37,0,0.3290,0.0140
353,0,0.3400,0.0110
172,0,0.3420,0.0020
204,0,0.3440,0.0020
415,0,0.3450,0.0010
195,0,0.3500,0.0050
201,0,0.3510,0.0010
144,0,0.3520,0.0010
195,0,0.3530,0.0010
415,0,0.3570,0.0040
415,0,0.3580,0.0010
80,0,0.3790,0.0210
55,0,0.4120,0.0330
40,0,0.4220,0.0100
49,0,0.4490,0.0270
80,0,0.4540,0.0050
80,0,0.4550,0.0010
80,0,0.4560,0.0010
80,0,0.4600,0.0040
80,0,0.4620,0.0020
346,0,0.4720,0.0100
80,0,0.5080,0.0360
367,0,0.5340,0.0260
15,0,0.5360,0.0020
67,2,0.5430,0.0070
55,0,0.5550,0.0120
1,2,0.5570,0.0020
467,2,0.5640,0.0070
367,2,0.5860,0.0220
67,3,0.5870,0.0010
1,3,0.6060,0.0190
467,3,0.6300,0.0240
355,0,0.6310,0.0010
355,0,0.6410,0.0100
35,2,0.6420,0.0010
18,0,0.6540,0.0120
23,0,0.6550,0.0010
467,3,0.6670,0.0120
35,2,0.6900,0.0230
24,0,0.6960,0.0060
35,2,0.6970,0.0010
35,2,0.7100,0.0130
35,2,0.7260,0.0160
35,2,0.7270,0.0010
24,0,0.7290,0.0020
35,2,0.7290,0.0020
35,2,0.7340,0.0050
35,2,0.7350,0.0010
35,2,0.7360,0.0010
35,2,0.7470,0.0110
35,2,0.7480,0.0010
80,2,0.7510,0.0030
28,2,0.7900,0.0390
61,0,0.7930,0.0030
467,2,0.8000,0.0070
51,0,0.8140,0.0140
74,0,0.8150,0.0010
40,0,0.8160,0.0010
49,0,0.8240,0.0080
80,0,0.8250,0.0010
80,0,0.8260,0.0010
80,0,0.8270,0.0010
367,0,0.8280,0.0010
35,2,0.8290,0.0010
35,2,0.8300,0.0010
80,0,0.8320,0.0020
15,0,0.8330,0.0010
35,3,0.8360,0.0030
4,0,0.8370,0.0010
14,3,0.8380,0.0010
76,0,0.8560,0.0180
76,0,0.8600,0.0040
76,0,0.8750,0.0150
414,0,0.8780,0.0030
414,0,0.8880,0.0100
24,0,0.9220,0.0340
30,0,0.9230,0.0010
24,0,0.9250,0.0020
73,0,0.9900,0.0650
73,0,0.9940,0.0040
24,0,0.9980,0.0040
24,0,1.0080,0.0100
24,0,1.0300,0.0220
18,0,1.0370,0.0070
23,0,1.0380,0.0010
24,0,1.0420,0.0040
24,0,1.0430,0.0010
18,0,1.0940,0.0510
23,0,1.0970,0.0030
23,0,1.1090,0.0120
24,0,1.1310,0.0220
35,0,1.1480,0.0170
414,0,1.1700,0.0220
451,0,1.1830,0.0130
14,0,1.2080,0.0250
415,0,1.2160,0.0080
14,0,1.2190,0.0030
448,0,1.2200,0.0010
67,0,1.2210,0.0010
35,0,1.2300,0.0090
35,0,1.2310,0.0010
35,0,1.2320,0.0010
24,0,1.2590,0.0270
24,0,1.2600,0.0010
24,0,1.2730,0.0130
7,0,1.2980,0.0250
33,0,1.3400,0.0420
140,0,1.3510,0.0110
33,0,1.3670,0.0160
18,0,1.3680,0.0010
18,0,1.3710,0.0030
50,0,1.3720,0.0010
18,0,1.3740,0.0020
23,0,1.3750,0.0010
15,0,1.3760,0.0010
18,0,1.3840,0.0080
15,0,1.3850,0.0010
18,0,1.3860,0.0010
18,0,1.3960,0.0100
50,0,1.3990,0.0030
18,0,1.4440,0.0450
23,0,1.4450,0.0010
246,0,1.6590,0.2140
246,0,1.6600,0.0010
33,0,1.6850,0.0250
18,0,1.6860,0.0010
18,0,1.6900,0.0040
18,0,1.6910,0.0010
18,0,1.6920,0.0010
18,0,1.7000,0.0080
18,0,1.7010,0.0010
18,0,1.7030,0.0020
23,0,1.7040,0.0010
15,0,1.7080,0.0040
15,0,1.7090,0.0010
18,0,1.7120,0.0030
18,0,1.7130,0.0010
23,0,1.7140,0.0010
15,0,1.7250,0.0110
7,0,1.7450,0.0200
18,0,1.7490,0.0040
18,0,1.7510,0.0020
339,0,1.8650,0.1140
61,0,1.8900,0.0250
292,0,1.9160,0.0260
292,0,1.9330,0.0170
18,0,2.0110,0.0780
18,0,2.0140,0.0030
51,0,2.0220,0.0080
74,0,2.0250,0.0030
15,0,2.0260,0.0010
35,0,2.0310,0.0050
35,0,2.0350,0.0040
35,0,2.0440,0.0090
35,0,2.0450,0.0010
451,0,2.0510,0.0060
451,0,2.0530,0.0020
35,0,2.0630,0.0100
73,0,2.1160,0.0530
7,0,2.1180,0.0020
7,0,2.1240,0.0060
8,0,2.1290,0.0050
18,0,2.1370,0.0080
35,0,2.1380,0.0010
35,0,2.1390,0.0010
73,0,2.1400,0.0010
44,0,2.1660,0.0260
15,0,2.1870,0.0210
