SysID,Thread ID,time,inetrval
14,0,0.0750,0.0750
35,0,0.0980,0.0230
35,0,0.1090,0.0110
35,0,0.2100,0.1010
80,0,0.2230,0.0130
80,0,0.2240,0.0010
35,0,0.2280,0.0040
35,0,0.2320,0.0040
18,0,0.2340,0.0020
18,0,0.2350,0.0010
23,0,0.2360,0.0010
33,0,0.2370,0.0010
18,0,0.2600,0.0230
35,0,0.3020,0.0420
18,0,0.3040,0.0020
23,0,0.3050,0.0010
18,0,0.3080,0.0030
15,0,0.3090,0.0010
37,0,0.3220,0.0130
353,0,0.3330,0.0110
172,0,0.3350,0.0020
204,0,0.3360,0.0010
415,0,0.3370,0.0010
195,0,0.3430,0.0060
144,0,0.3440,0.0010
195,0,0.3450,0.0010
415,0,0.3490,0.0040
415,0,0.3500,0.0010
80,0,0.3710,0.0210
55,0,0.4020,0.0310
40,0,0.4120,0.0100
49,0,0.4410,0.0290
80,0,0.4460,0.0050
80,0,0.4470,0.0010
80,0,0.4480,0.0010
80,0,0.4490,0.0010
80,0,0.4520,0.0030
80,0,0.4650,0.0130
346,0,0.4750,0.0100
346,0,0.4760,0.0010
80,0,0.5150,0.0390
55,0,0.5160,0.0010
49,0,0.5210,0.0050
80,0,0.5220,0.0010
80,0,0.5230,0.0010
80,0,0.5240,0.0010
367,0,0.5520,0.0280
15,0,0.5540,0.0020
67,2,0.5610,0.0070
1,2,0.5750,0.0140
467,2,0.5830,0.0080
55,0,0.5850,0.0020
40,0,0.6190,0.0340
35,2,0.6260,0.0070
49,0,0.6270,0.0010
80,0,0.6280,0.0010
35,2,0.6340,0.0060
35,2,0.6380,0.0040
24,0,0.6440,0.0060
35,2,0.6540,0.0100
55,0,0.6710,0.0170
49,0,0.6730,0.0020
80,2,0.6740,0.0010
80,0,0.6780,0.0040
80,0,0.6820,0.0040
80,0,0.6860,0.0040
80,0,0.6880,0.0020
28,2,0.6900,0.0020
80,0,0.6930,0.0030
14,2,0.6980,0.0050
467,2,0.7100,0.0120
367,0,0.7110,0.0010
35,2,0.7140,0.0030
35,3,0.7160,0.0020
35,3,0.7170,0.0010
464,2,0.7200,0.0030
112,0,0.7230,0.0030
35,3,0.7240,0.0010
464,0,0.7270,0.0030
112,2,0.7280,0.0010
112,0,0.7290,0.0010
35,2,0.7300,0.0010
1,4,0.7310,0.0010
35,3,0.7310,0.0010
464,2,0.7330,0.0020
112,0,0.7340,0.0010
24,0,0.7370,0.0030
464,3,0.7440,0.0070
464,2,0.7450,0.0010
35,4,0.7470,0.0020
112,0,0.7500,0.0030
55,0,0.7570,0.0070
112,3,0.7590,0.0020
35,4,0.7610,0.0020
464,3,0.7620,0.0010
35,4,0.7670,0.0050
49,0,0.7700,0.0030
35,4,0.7730,0.0030
35,4,0.7730,0.0030
35,2,0.7750,0.0020
80,0,0.7750,0.0020
35,2,0.7760,0.0010
35,3,0.7800,0.0040
80,0,0.7810,0.0010
35,3,0.7820,0.0010
24,4,0.7840,0.0020
80,2,0.7900,0.0060
18,4,0.7960,0.0060
35,3,0.7970,0.0070
24,4,0.8010,0.0040
24,4,0.8020,0.0010
112,4,0.8130,0.0110
112,0,0.8170,0.0040
112,4,0.8180,0.0010
35,3,0.8280,0.0100
35,3,0.8340,0.0060
80,3,0.8350,0.0010
24,4,0.8400,0.0050
80,0,0.8410,0.0010
80,0,0.8420,0.0010
80,0,0.8480,0.0060
80,0,0.8500,0.0020
35,4,0.8570,0.0070
80,0,0.8590,0.0020
35,4,0.8640,0.0050
15,0,0.8660,0.0020
35,4,0.8670,0.0010
24,0,0.8680,0.0010
35,4,0.8690,0.0010
35,4,0.8700,0.0010
49,0,0.8730,0.0030
49,0,0.8730,0.0030
14,4,0.8740,0.0010
40,0,0.8750,0.0010
49,0,0.8780,0.0030
80,0,0.8790,0.0010
55,0,0.8800,0.0010
49,0,0.8850,0.0050
49,0,0.8940,0.0090
35,4,0.8950,0.0010
35,4,0.8960,0.0010
35,3,0.8970,0.0010
35,4,0.8980,0.0010
35,4,0.8980,0.0010
35,2,0.8990,0.0010
35,4,0.9000,0.0010
55,0,0.9010,0.0010
55,0,0.9010,0.0010
35,3,0.9020,0.0010
80,2,0.9040,0.0020
35,4,0.9070,0.0030
80,0,0.9290,0.0220
80,0,0.9290,0.0220
355,2,0.9300,0.0010
80,0,0.9360,0.0060
35,4,0.9360,0.0060
35,4,0.9360,0.0060
80,0,0.9370,0.0010
35,3,0.9370,0.0010
355,2,0.9390,0.0020
18,2,0.9500,0.0110
15,0,0.9510,0.0010
23,2,0.9510,0.0010
35,4,0.9660,0.0150
35,4,0.9660,0.0150
35,3,0.9670,0.0010
35,4,0.9680,0.0010
35,3,0.9690,0.0010
24,2,0.9710,0.0020
35,4,0.9760,0.0050
35,3,0.9770,0.0010
80,0,0.9780,0.0010
35,4,0.9870,0.0090
35,4,1.0050,0.0180
61,2,1.0140,0.0090
80,4,1.0170,0.0030
35,3,1.0230,0.0060
112,2,1.0240,0.0010
35,4,1.0260,0.0020
51,2,1.0310,0.0050
74,2,1.0320,0.0010
35,3,1.0330,0.0010
35,3,1.0330,0.0010
40,2,1.0340,0.0010
49,2,1.0360,0.0020
35,0,1.0370,0.0010
112,0,1.0380,0.0010
35,0,1.0390,0.0010
35,4,1.0400,0.0010
35,4,1.0410,0.0010
74,3,1.0430,0.0020
74,3,1.0430,0.0020
40,3,1.0450,0.0020
49,3,1.0480,0.0030
35,4,1.0490,0.0010
35,0,1.0500,0.0010
35,0,1.0500,0.0010
80,3,1.0510,0.0010
80,3,1.0510,0.0010
80,3,1.0510,0.0010
40,0,1.0520,0.0010
35,4,1.0530,0.0010
35,4,1.0540,0.0010
35,4,1.0550,0.0010
15,2,1.0590,0.0040
15,2,1.0600,0.0010
15,3,1.0620,0.0020
80,0,1.0670,0.0050
15,0,1.0680,0.0010
49,3,1.0690,0.0010
49,3,1.0690,0.0010
42,2,1.0710,0.0020
49,4,1.0720,0.0010
49,4,1.0720,0.0010
49,0,1.0740,0.0020
15,2,1.0760,0.0020
112,4,1.0770,0.0010
80,4,1.0780,0.0010
80,4,1.0780,0.0010
15,3,1.0790,0.0010
35,3,1.0800,0.0010
35,3,1.0800,0.0010
35,4,1.0810,0.0010
35,3,1.0810,0.0010
51,3,1.0820,0.0010
35,2,1.0830,0.0010
74,3,1.0830,0.0010
35,4,1.0850,0.0020

35,2,1.0860,0.0010
35,0,1.0870,0.0010
35,4,1.0870,0.0010
35,0,1.0880,0.0010
35,0,1.0880,0.0010
35,4,1.0890,0.0010
80,3,1.0890,0.0010
467,4,1.0900,0.0010
35,2,1.0910,0.0010
367,3,1.0920,0.0010
35,4,1.0930,0.0010
35,2,1.0940,0.0010
35,4,1.0940,0.0010
367,0,1.1000,0.0060
35,0,1.1010,0.0010
35,0,1.1020,0.0010
35,0,1.1060,0.0040
80,0,1.1070,0.0010
76,0,1.1380,0.0310
76,0,1.1410,0.0030
76,0,1.1420,0.0010
76,0,1.1540,0.0120
76,0,1.1550,0.0010
414,0,1.1580,0.0030
414,0,1.1670,0.0090
24,0,1.2050,0.0380
30,0,1.2060,0.0010
24,0,1.2070,0.0010
73,0,1.2710,0.0640
73,0,1.2740,0.0030
24,0,1.2790,0.0050
24,0,1.2880,0.0090
24,0,1.3050,0.0170
18,0,1.3480,0.0430
23,0,1.3510,0.0030
23,0,1.3630,0.0120
24,0,1.3840,0.0210
35,0,1.4000,0.0160
414,0,1.4220,0.0220
414,0,1.4350,0.0130
451,0,1.4850,0.0500
451,0,1.4990,0.0140
451,0,1.5870,0.0880
451,0,1.5880,0.0010
414,0,1.5910,0.0030
451,0,1.6160,0.0250
451,0,1.6210,0.0050
451,0,1.6220,0.0010
451,0,1.6250,0.0030
414,0,1.6270,0.0020
35,0,1.6450,0.0180
35,0,1.6490,0.0040
35,0,1.6500,0.0010
35,0,1.6590,0.0090
35,0,1.6620,0.0030
35,0,1.6670,0.0050
35,0,1.6700,0.0030
73,0,1.6950,0.0250
73,0,1.6960,0.0010
35,0,1.7300,0.0340
24,0,1.7550,0.0250
24,0,1.7570,0.0020
414,0,1.7840,0.0270
35,0,1.8320,0.0480
35,0,1.8330,0.0010
35,0,1.8350,0.0020
35,0,1.8360,0.0010
35,0,1.8380,0.0020
35,0,1.8400,0.0020
35,0,1.8410,0.0010
35,0,1.8430,0.0020
35,0,1.8440,0.0010
35,0,1.8460,0.0020
414,0,2.0640,0.2180
414,0,2.0920,0.0280
25,0,2.0950,0.0030
35,0,2.1050,0.0100
414,0,2.1060,0.0010
54,0,2.1220,0.0160
80,0,2.1240,0.0020
80,0,2.1250,0.0010
140,0,2.1550,0.0300
61,0,2.1740,0.0190
51,0,2.1750,0.0010
74,0,2.1760,0.0010
40,0,2.1770,0.0010
42,0,2.1810,0.0040
15,0,2.1820,0.0010
346,0,2.1890,0.0070
37,0,2.1920,0.0030
55,0,2.1960,0.0040
49,0,2.1980,0.0020
35,0,2.1990,0.0010
35,0,2.2000,0.0010
76,0,2.2030,0.0030
54,0,2.2070,0.0040
25,0,2.2080,0.0010
35,0,2.2110,0.0030
35,0,2.2120,0.0010
35,0,2.2130,0.0010
35,0,2.2140,0.0010
35,0,2.2150,0.0010
35,0,2.2160,0.0010
35,0,2.2170,0.0010
35,0,2.2180,0.0010
35,0,2.2190,0.0010
35,0,2.2200,0.0010
35,0,2.2210,0.0010
35,0,2.2220,0.0010
35,0,2.2230,0.0010
35,0,2.2240,0.0010
35,0,2.2250,0.0010
35,0,2.2260,0.0010
35,0,2.2270,0.0010
35,0,2.2280,0.0010
35,0,2.2290,0.0010
35,0,2.2300,0.0010
35,0,2.2310,0.0010
35,0,2.2320,0.0010
35,0,2.2330,0.0010
35,0,2.2340,0.0010
35,0,2.2350,0.0010
35,0,2.2360,0.0010
35,0,2.2370,0.0010
35,0,2.2380,0.0010
35,0,2.2390,0.0010
35,0,2.2400,0.0010
35,0,2.2410,0.0010
35,0,2.2420,0.0010
35,0,2.2430,0.0010
35,0,2.2440,0.0010
35,0,2.2450,0.0010
35,0,2.2460,0.0010
35,0,2.2470,0.0010
35,0,2.2480,0.0010
35,0,2.2490,0.0010
35,0,2.2500,0.0010
35,0,2.2510,0.0010
35,0,2.2520,0.0010
35,0,2.2530,0.0010
35,0,2.2540,0.0010
25,0,2.2760,0.0220
18,0,2.2780,0.0020
451,0,2.2810,0.0030
451,0,2.2830,0.0020
18,0,2.2890,0.0060
18,0,2.2910,0.0020
18,0,2.2990,0.0080
18,0,2.3150,0.0160
18,0,2.3170,0.0020
18,0,2.3200,0.0030
18,0,2.3220,0.0020
18,0,2.3270,0.0050
23,0,2.3280,0.0010
15,0,2.3290,0.0010
18,0,2.3300,0.0010
23,0,2.3310,0.0010
15,0,2.3320,0.0010
4834,0,2.3330,0.0010
37,0,2.3390,0.0060
35,0,2.3410,0.0020
80,0,2.3430,0.0020
246,0,2.4050,0.0620
246,0,2.4120,0.0070
33,0,2.4350,0.0230
18,0,2.4360,0.0010
18,0,2.4370,0.0010
15,0,2.4380,0.0010
18,0,2.4410,0.0030
18,0,2.4420,0.0010
18,0,2.4430,0.0010
18,0,2.4510,0.0080
18,0,2.4530,0.0020
18,0,2.4540,0.0010
23,0,2.4560,0.0020
15,0,2.4600,0.0040
18,0,2.4630,0.0030
18,0,2.4640,0.0010
23,0,2.4660,0.0020
15,0,2.4760,0.0100
18,0,2.5990,0.1230
18,0,2.6030,0.0040
51,0,2.6140,0.0110
74,0,2.6150,0.0010
40,0,2.6160,0.0010
35,0,2.6220,0.0060
35,0,2.6260,0.0040
35,0,2.6350,0.0090
451,0,2.6400,0.0050
35,0,2.6460,0.0060
35,0,2.6740,0.0280
4101,0,2.6780,0.0040
37,0,2.6820,0.0040
4224,0,2.6850,0.0030
4098,0,2.6860,0.0010
296,0,2.6890,0.0030
66,0,2.6910,0.0020
0,0,2.7120,0.0210
28,0,2.7180,0.0060
15,0,2.7190,0.0010
15,0,2.7200,0.0010
25,0,2.7220,0.0020
288,0,2.7320,0.0100
22,0,2.7410,0.0090
288,0,2.7430,0.0020
23,0,2.7570,0.0140
28,0,2.7670,0.0100
15,0,2.7680,0.0010
5,0,2.7690,0.0010
18,0,2.7730,0.0040
414,0,2.7830,0.0100
451,0,2.7960,0.0130
451,0,2.8000,0.0040
451,0,2.8100,0.0100
414,0,2.8110,0.0010
414,0,2.8200,0.0090
451,0,2.8430,0.0230
414,0,2.9230,0.0800
451,0,2.9280,0.0050
451,0,2.9290,0.0010
25,0,2.9300,0.0010
25,0,2.9310,0.0010
451,0,2.9350,0.0040
191,0,2.9410,0.0060
191,0,2.9420,0.0010
72,0,2.9470,0.0050
51,0,2.9590,0.0120
7,0,2.9610,0.0020
35,0,2.9650,0.0040
414,0,2.9680,0.0030
451,0,2.9710,0.0030
451,0,2.9770,0.0060
37,0,2.9790,0.0020
55,0,2.9800,0.0010
61,0,2.9810,0.0010
49,0,2.9830,0.0020
35,4,2.9840,0.0010
451,0,2.9870,0.0030
451,0,2.9890,0.0020
35,0,2.9950,0.0060
80,0,2.9970,0.0020
414,0,3.0060,0.0090
414,0,3.0250,0.0190
414,0,3.0350,0.0100
35,0,3.0560,0.0210
22,0,3.1120,0.0560
23,0,3.1140,0.0020
15,0,3.1160,0.0020
22,0,3.1170,0.0010
22,0,3.1180,0.0010
23,0,3.1190,0.0010
15,0,3.1200,0.0010
355,0,3.1560,0.0360
72,0,3.1680,0.0120
201,0,3.1700,0.0020
435,0,3.1720,0.0020
144,0,3.1760,0.0040
442,0,3.1880,0.0120
355,0,3.1990,0.0110
442,0,3.2020,0.0030
355,0,3.2040,0.0020
442,0,3.2050,0.0010
355,0,3.2250,0.0200
33,0,3.2420,0.0170
33,0,3.2440,0.0020
22,0,3.2520,0.0080
408,0,3.2530,0.0010
22,0,3.2590,0.0060
18,0,3.2610,0.0020
15,0,3.2620,0.0010
22,0,3.2640,0.0020
22,0,3.2660,0.0020
18,0,3.2760,0.0100
22,0,3.2820,0.0060
18,0,3.2830,0.0010
22,0,3.2870,0.0040
72,0,3.2910,0.0040
281,0,3.2940,0.0030
36,0,3.2990,0.0050
33,0,3.3020,0.0030
22,0,3.3030,0.0010
15,0,3.3040,0.0010
22,0,3.3050,0.0010
33,0,3.3070,0.0020
33,0,3.3090,0.0020
18,0,3.3180,0.0090
22,0,3.3200,0.0020
22,0,3.3210,0.0010
35,0,3.3430,0.0220
22,0,3.3480,0.0050
22,0,3.3500,0.0020
451,0,3.3520,0.0020
451,0,3.3540,0.0020
451,0,3.3550,0.0010
451,0,3.3560,0.0010
72,0,3.3630,0.0070
72,0,3.3640,0.0010
72,0,3.3670,0.0030
64,0,3.3730,0.0060
451,0,3.3760,0.0030
451,0,3.3770,0.0010
451,0,3.3780,0.0010
451,0,3.3850,0.0070
451,0,3.3890,0.0040
414,0,3.3930,0.0040
35,0,3.4100,0.0170
61,0,3.4240,0.0140
42,0,3.4250,0.0010
22,0,3.4530,0.0280
22,0,3.4540,0.0010
414,0,3.4590,0.0050
451,0,3.4830,0.0240
414,0,3.4900,0.0070
451,0,3.5410,0.0510
451,0,3.5420,0.0010
451,0,3.5430,0.0010
414,0,3.5460,0.0030
451,0,3.5630,0.0170
451,0,3.5640,0.0010
14,0,3.5720,0.0080
415,0,3.5780,0.0060
14,0,3.5790,0.0010
448,0,3.5800,0.0010
35,0,3.5900,0.0100
35,0,3.5910,0.0010
24,0,3.6110,0.0200
24,0,3.6130,0.0020
24,0,3.6140,0.0010
24,0,3.6280,0.0140
73,0,3.6410,0.0130
7,0,3.6430,0.0020
73,0,3.6450,0.0020
73,0,3.6470,0.0020
7,0,3.6480,0.0010
61,0,3.6810,0.0330
7,0,3.6980,0.0170
35,0,3.7450,0.0470
35,0,3.7460,0.0010
35,0,3.7480,0.0020
8,0,3.7920,0.0440
51,0,3.8030,0.0110
15,0,3.8050,0.0020
44,0,3.8270,0.0220
15,0,3.8710,0.0440
15,0,3.8850,0.0140
15,0,3.8860,0.0010
13,0,3.8920,0.0060
13,0,3.8950,0.0030
15,0,3.9370,0.0420
13,0,3.9400,0.0030
13,0,3.9410,0.0010
13,0,3.9690,0.0280
15,0,4.0010,0.0320
15,0,4.0040,0.0030
15,0,4.0050,0.0010
15,0,4.0090,0.0040
15,0,4.0150,0.0060
15,0,4.0180,0.0030
15,0,4.0190,0.0010
15,0,4.0200,0.0010
15,0,4.0340,0.0140
15,0,4.0350,0.0010
15,0,4.0360,0.0010
15,0,4.0380,0.0020
15,0,4.1080,0.0700
15,0,4.1090,0.0010
15,0,4.1190,0.0100
15,0,4.1210,0.0020
15,0,4.1230,0.0020
15,0,4.1280,0.0050
15,0,4.1340,0.0060
15,0,4.1460,0.0120
15,0,4.1480,0.0020
15,0,4.1760,0.0280
15,0,4.1770,0.0010
18,0,4.1790,0.0020
13,0,4.1850,0.0060
15,0,4.2580,0.0730
15,0,4.2710,0.0130
