SysID,Thread ID,time,inetrval
14,0,0.0750,0.0750
35,0,0.0980,0.0230
35,0,0.1090,0.0110
35,0,0.2200,0.1110
80,0,0.2330,0.0130
80,0,0.2340,0.0010
35,0,0.2380,0.0040
35,0,0.2420,0.0040
18,0,0.2450,0.0030
18,0,0.2460,0.0010
15,0,0.2470,0.0010
33,0,0.2480,0.0010
18,0,0.2710,0.0230
35,0,0.3130,0.0420
18,0,0.3150,0.0020
23,0,0.3160,0.0010
18,0,0.3190,0.0030
23,0,0.3200,0.0010
37,0,0.3330,0.0130
353,0,0.3440,0.0110
172,0,0.3460,0.0020
204,0,0.3470,0.0010
415,0,0.3490,0.0020
195,0,0.3540,0.0050
144,0,0.3550,0.0010
195,0,0.3570,0.0020
415,0,0.3610,0.0040
415,0,0.3620,0.0010
80,0,0.3830,0.0210
55,0,0.4140,0.0310
40,0,0.4240,0.0100
49,0,0.4530,0.0290
80,0,0.4590,0.0060
80,0,0.4600,0.0010
80,0,0.4640,0.0040
80,0,0.4670,0.0030
346,0,0.4760,0.0090
346,0,0.4850,0.0090
80,0,0.5220,0.0370
367,0,0.5480,0.0260
15,0,0.5510,0.0030
67,2,0.5570,0.0060
35,0,0.5750,0.0180
1,2,0.5760,0.0010
467,2,0.5870,0.0110
35,0,0.6140,0.0270
35,0,0.6190,0.0050
80,0,0.6200,0.0010
35,2,0.6220,0.0020
4,0,0.6250,0.0030
35,2,0.6260,0.0010
28,2,0.6400,0.0140
14,2,0.6430,0.0030
76,0,0.6710,0.0280
467,2,0.6720,0.0010
76,0,0.6770,0.0050
414,0,0.6800,0.0030
414,0,0.6890,0.0090
24,0,0.7230,0.0340
30,0,0.7240,0.0010
24,0,0.7250,0.0010
73,0,0.8010,0.0760
73,0,0.8050,0.0040
24,0,0.8130,0.0080
24,0,0.8400,0.0270
24,0,0.8650,0.0250
18,0,0.8720,0.0070
15,0,0.8730,0.0010
24,0,0.8770,0.0040
18,0,0.9280,0.0510
23,0,0.9310,0.0030
23,0,0.9420,0.0110
24,0,0.9640,0.0220
35,0,0.9810,0.0170
14,0,1.0040,0.0230
415,0,1.0120,0.0080
14,0,1.0140,0.0020
448,0,1.0150,0.0010
67,0,1.0160,0.0010
35,0,1.0250,0.0090
35,0,1.0260,0.0010
7,0,1.0640,0.0380
246,0,1.0700,0.0060
33,0,1.0940,0.0240
18,0,1.0950,0.0010
18,0,1.0960,0.0010
18,0,1.1000,0.0040
18,0,1.1010,0.0010
18,0,1.1020,0.0010
18,0,1.1090,0.0070
33,0,1.1100,0.0010
18,0,1.1110,0.0010
18,0,1.1130,0.0020
23,0,1.1140,0.0010
15,0,1.1180,0.0040
15,0,1.1190,0.0010
18,0,1.1220,0.0030
23,0,1.1230,0.0010
23,0,1.1240,0.0010
15,0,1.1360,0.0120
18,0,1.1400,0.0040
18,0,1.1410,0.0010
18,0,1.1420,0.0010
37,0,1.1580,0.0160
55,0,1.1630,0.0050
49,0,1.1680,0.0050
80,0,1.1700,0.0020
80,0,1.1710,0.0010
80,0,1.1750,0.0040
49,0,1.1810,0.0060
80,0,1.1820,0.0010
80,0,1.1840,0.0020
15,0,1.1850,0.0010
55,0,1.1860,0.0010
40,0,1.1880,0.0020
49,0,1.1940,0.0060
80,0,1.1950,0.0010
18,0,1.1960,0.0010
55,0,1.1990,0.0030
40,0,1.2020,0.0030
49,0,1.2060,0.0040
80,0,1.2070,0.0010
40,0,1.2340,0.0270
49,0,1.2420,0.0080
80,0,1.2430,0.0010
49,0,1.2500,0.0070
367,0,1.2510,0.0010
80,2,1.2560,0.0050
467,2,1.2570,0.0010
14,2,1.2580,0.0010
367,0,1.2590,0.0010
367,0,1.2600,0.0010
80,2,1.2610,0.0010
467,3,1.2620,0.0010
467,3,1.2660,0.0040
367,2,1.2680,0.0020
467,3,1.2710,0.0030
80,0,1.2720,0.0010
80,2,1.2740,0.0020
76,0,1.2950,0.0210
76,0,1.3080,0.0130
414,0,1.3090,0.0010
414,0,1.3100,0.0010
73,0,1.3770,0.0670
73,0,1.3780,0.0010
24,0,1.4350,0.0570
24,0,1.4400,0.0050
24,0,1.4420,0.0020
414,0,1.4630,0.0210
414,0,1.7670,0.3040
414,0,1.7960,0.0290
25,0,1.7990,0.0030
414,0,1.8160,0.0170
54,0,1.8330,0.0170
80,0,1.8350,0.0020
80,0,1.8360,0.0010
140,0,1.8670,0.0310
61,0,1.9060,0.0390
51,0,1.9100,0.0040
74,0,1.9110,0.0010
40,0,1.9120,0.0010
42,0,1.9140,0.0020
15,0,1.9150,0.0010
346,0,1.9220,0.0070
37,0,1.9240,0.0020
55,0,1.9270,0.0030
49,0,1.9290,0.0020
80,0,1.9320,0.0030
414,0,1.9330,0.0010
54,0,1.9370,0.0040
25,0,1.9380,0.0010
25,0,1.9920,0.0540
18,0,1.9940,0.0020
451,0,2.0010,0.0070
451,0,2.0150,0.0140
451,0,2.0220,0.0070
18,0,2.0280,0.0060
18,0,2.0300,0.0020
18,0,2.0340,0.0040
18,0,2.0490,0.0150
18,0,2.0510,0.0020
18,0,2.0530,0.0020
18,0,2.0560,0.0030
18,0,2.0600,0.0040
23,0,2.0620,0.0020
15,0,2.0630,0.0010
18,0,2.0640,0.0010
23,0,2.0650,0.0010
4834,0,2.0660,0.0010
37,0,2.0710,0.0050
80,0,2.0760,0.0050
18,0,2.2570,0.1810
18,0,2.2610,0.0040
51,0,2.2720,0.0110
74,0,2.2830,0.0110
40,0,2.2840,0.0010
15,0,2.2850,0.0010
35,0,2.2900,0.0050
35,0,2.2940,0.0040
35,0,2.3040,0.0100
451,0,2.3090,0.0050
451,0,2.3100,0.0010
35,0,2.3150,0.0050
4101,0,2.3480,0.0330
37,0,2.3520,0.0040
4224,0,2.3550,0.0030
4098,0,2.3560,0.0010
5169,0,2.3570,0.0010
296,0,2.3600,0.0030
66,0,2.3620,0.0020
0,0,2.3830,0.0210
28,0,2.3880,0.0050
15,0,2.3890,0.0010
15,0,2.3900,0.0010
25,0,2.3930,0.0030
288,0,2.4020,0.0090
22,0,2.4120,0.0100
288,0,2.4130,0.0010
23,0,2.4270,0.0140
28,0,2.4370,0.0100
15,0,2.4380,0.0010
5,0,2.4400,0.0020
18,0,2.4440,0.0040
14,0,2.4570,0.0130
7,0,2.4650,0.0080
33,0,2.4960,0.0310
140,0,2.5030,0.0070
33,0,2.5190,0.0160
18,0,2.5210,0.0020
15,0,2.5220,0.0010
18,0,2.5240,0.0020
23,0,2.5260,0.0020
15,0,2.5270,0.0010
18,0,2.5350,0.0080
23,0,2.5360,0.0010
15,0,2.5370,0.0010
18,0,2.5380,0.0010
18,0,2.5470,0.0090
18,0,2.5480,0.0010
50,0,2.5500,0.0020
50,0,2.5510,0.0010
18,0,2.5700,0.0190
23,0,2.5710,0.0010
7,0,2.6010,0.0300
51,0,2.7530,0.1520
322,0,2.7550,0.0020
61,0,2.7760,0.0210
355,0,2.7980,0.0220
72,0,2.8060,0.0080
201,0,2.8080,0.0020
435,0,2.8100,0.0020
144,0,2.8140,0.0040
442,0,2.8270,0.0130
355,0,2.8360,0.0090
442,0,2.8390,0.0030
355,0,2.8410,0.0020
355,0,2.8690,0.0280
430,0,2.8990,0.0300
85,0,2.9090,0.0100
17,0,2.9180,0.0090
74,0,2.9230,0.0050
40,0,2.9270,0.0040
15,0,2.9280,0.0010
8,0,2.9520,0.0240
460,0,2.9580,0.0060
15,0,2.9600,0.0020
322,0,2.9640,0.0040
44,0,2.9880,0.0240
15,0,3.0450,0.0570
15,0,3.0470,0.0020
15,0,3.0510,0.0040
18,0,3.0530,0.0020
13,0,3.0600,0.0070
