SysID,Thread ID,time,inetrval
14,0,0.0750,0.0750
35,0,0.0980,0.0230
35,0,0.1080,0.0100
35,0,0.2080,0.1000
80,0,0.2200,0.0120
80,0,0.2210,0.0010
35,0,0.2250,0.0040
80,0,0.2260,0.0010
35,0,0.2290,0.0030
35,0,0.2300,0.0010
18,0,0.2320,0.0020
18,0,0.2330,0.0010
15,0,0.2340,0.0010
33,0,0.2350,0.0010
18,0,0.2580,0.0230
35,0,0.2990,0.0410
18,0,0.3010,0.0020
23,0,0.3020,0.0010
15,0,0.3030,0.0010
18,0,0.3050,0.0020
23,0,0.3060,0.0010
15,0,0.3070,0.0010
37,0,0.3200,0.0130
353,0,0.3310,0.0110
172,0,0.3330,0.0020
204,0,0.3340,0.0010
415,0,0.3360,0.0020
195,0,0.3410,0.0050
144,0,0.3420,0.0010
195,0,0.3440,0.0020
415,0,0.3480,0.0040
415,0,0.3490,0.0010
80,0,0.3700,0.0210
55,0,0.4020,0.0320
40,0,0.4130,0.0110
49,0,0.4380,0.0250
80,0,0.4440,0.0060
80,0,0.4530,0.0090
80,0,0.4540,0.0010
80,0,0.4550,0.0010
80,0,0.4580,0.0030
80,0,0.4620,0.0040
346,0,0.4710,0.0090
346,0,0.4720,0.0010
80,0,0.5130,0.0410
367,0,0.5420,0.0290
15,0,0.5450,0.0030
67,2,0.5540,0.0090
1,2,0.5660,0.0120
55,0,0.5760,0.0100
467,2,0.5770,0.0010
40,0,0.6110,0.0340
49,0,0.6220,0.0110
35,2,0.6230,0.0010
80,0,0.6260,0.0030
35,2,0.6290,0.0030
80,0,0.6330,0.0040

5,0,0.6340,0.00103
40,0,0.6350,0.0010
35,2,0.6360,0.0010
49,0,0.6400,0.0040
80,0,0.6410,0.0010
24,2,0.6490,0.0080
80,0,0.6730,0.0240
80,0,0.6770,0.0040
80,0,0.6830,0.0060
28,2,0.6850,0.0020
14,2,0.6940,0.0090
55,0,0.7050,0.0110
467,2,0.7060,0.0010
49,0,0.7090,0.0030
80,0,0.7110,0.0020
367,0,0.7120,0.0010
35,2,0.7130,0.0010
1,3,0.7150,0.0020
35,3,0.7160,0.0010
35,3,0.7200,0.0040
367,0,0.7250,0.0050
35,2,0.7260,0.0010
1,4,0.7300,0.0040
49,0,0.7380,0.0080
24,3,0.7410,0.0030
464,4,0.7490,0.0080
464,2,0.7500,0.0010
80,0,0.7540,0.0040
80,0,0.7550,0.0010
80,0,0.7560,0.0010
80,0,0.7570,0.0010
24,3,0.7580,0.0010
464,0,0.7590,0.0010
18,3,0.7690,0.0100
24,3,0.7730,0.0040
24,3,0.7740,0.0010
112,3,0.7880,0.0140
35,3,0.7890,0.0010
464,3,0.7970,0.0080
35,4,0.7980,0.0010
112,0,0.7990,0.0010
35,4,0.8090,0.0100
464,3,0.8100,0.0010
464,0,0.8110,0.0010
112,2,0.8130,0.0020
112,3,0.8140,0.0010
35,4,0.8150,0.0010
112,0,0.8160,0.0010
24,0,0.8200,0.0040
464,3,0.8210,0.0010
35,4,0.8220,0.0010
35,2,0.8230,0.0010

35,2,0.8230,0.0010
35,2,0.8310,0.0080
55,0,0.8390,0.0080
35,4,0.8450,0.0060
35,3,0.8460,0.0010
40,0,0.8470,0.0010
464,4,0.8720,0.0250
112,0,0.8740,0.0020
35,3,0.8750,0.0010
49,0,0.8760,0.0010
35,3,0.8770,0.0010
35,3,0.8790,0.0020
80,0,0.8810,0.0020
80,0,0.8820,0.0010
80,0,0.8830,0.0010
80,0,0.8830,0.0010
112,0,0.8840,0.0010
35,4,0.8850,0.0010
35,3,0.8860,0.0010
467,3,0.8870,0.0010
35,4,0.8930,0.0060
35,0,0.8940,0.0010
35,0,0.8950,0.0010
4,0,0.8960,0.0010
4,0,0.8970,0.0010
28,4,0.9010,0.0040
76,0,0.9180,0.0170
76,0,0.9220,0.0040
76,0,0.9350,0.0130
414,0,0.9380,0.0030
414,0,0.9470,0.0090
24,0,0.9780,0.0310
30,0,0.9800,0.0020
24,0,0.9810,0.0010
73,0,1.0410,0.0600
73,0,1.0450,0.0040
24,0,1.0500,0.0050
24,0,1.0590,0.0090
24,0,1.0750,0.0160
18,0,1.1170,0.0420
23,0,1.1210,0.0040
23,0,1.1320,0.0110
24,0,1.1530,0.0210
35,0,1.1690,0.0160
414,0,1.1940,0.0250
414,0,1.2070,0.0130
451,0,1.2540,0.0470
451,0,1.2670,0.0130
451,0,1.3500,0.0830
414,0,1.3520,0.0020
451,0,1.3770,0.0250
451,0,1.3810,0.0040
451,0,1.3820,0.0010
451,0,1.3850,0.0030
414,0,1.3870,0.0020
35,0,1.4050,0.0180
35,0,1.4090,0.0040
35,0,1.4100,0.0010
35,0,1.4180,0.0080
35,0,1.4210,0.0030
35,0,1.4260,0.0050
35,0,1.4290,0.0030
73,0,1.4530,0.0240
73,0,1.4540,0.0010
35,0,1.4920,0.0380
24,0,1.5170,0.0250
24,0,1.5190,0.0020
414,0,1.5410,0.0220
35,0,1.5760,0.0350
288,0,1.6660,0.0900
22,0,1.6760,0.0100
288,0,1.6770,0.0010
23,0,1.6890,0.0120
28,0,1.6990,0.0100
15,0,1.7000,0.0010
22,0,1.7020,0.0020
15,0,1.7030,0.0010
22,0,1.7040,0.0010
23,0,1.7050,0.0010
15,0,1.7060,0.0010
355,0,1.7450,0.0390
72,0,1.7570,0.0120
201,0,1.7580,0.0010
435,0,1.7600,0.0020
144,0,1.7640,0.0040
442,0,1.7770,0.0130
355,0,1.7870,0.0100
442,0,1.7910,0.0040
355,0,1.7930,0.0020
355,0,1.8230,0.0300
33,0,1.8400,0.0170
33,0,1.8410,0.0010
22,0,1.8490,0.0080
288,0,1.8500,0.0010
408,0,1.8510,0.0010
22,0,1.8570,0.0060
18,0,1.8590,0.0020
22,0,1.8610,0.0020
22,0,1.8630,0.0020
18,0,1.8730,0.0100
22,0,1.8820,0.0090
22,0,1.8870,0.0050
72,0,1.8920,0.0050
281,0,1.8960,0.0040
36,0,1.9010,0.0050
33,0,1.9050,0.0040
18,0,1.9060,0.0010
22,0,1.9080,0.0020
22,0,1.9100,0.0020
33,0,1.9120,0.0020
33,0,1.9140,0.0020
18,0,1.9230,0.0090
22,0,1.9240,0.0010
18,0,1.9250,0.0010
35,0,1.9560,0.0310
22,0,1.9630,0.0070
451,0,1.9690,0.0060
451,0,1.9720,0.0030
451,0,1.9740,0.0020
72,0,1.9810,0.0070
72,0,1.9830,0.0020
64,0,1.9900,0.0070
451,0,1.9930,0.0030
451,0,1.9940,0.0010
451,0,1.9950,0.0010
451,0,2.0020,0.0070
451,0,2.0030,0.0010
451,0,2.0060,0.0030
14,0,2.0120,0.0060
415,0,2.0170,0.0050
14,0,2.0190,0.0020
67,0,2.0200,0.0010
35,0,2.0300,0.0100
35,0,2.0310,0.0010
24,0,2.0510,0.0200
24,0,2.0550,0.0040
24,0,2.0560,0.0010
24,0,2.0700,0.0140
246,0,2.0830,0.0130
246,0,2.0850,0.0020
33,0,2.1090,0.0240
18,0,2.1100,0.0010
18,0,2.1140,0.0040
18,0,2.1150,0.0010
15,0,2.1160,0.0010
18,0,2.1230,0.0070
33,0,2.1240,0.0010
18,0,2.1250,0.0010
18,0,2.1260,0.0010
23,0,2.1280,0.0020
15,0,2.1320,0.0040
15,0,2.1330,0.0010
18,0,2.1360,0.0030
23,0,2.1370,0.0010
23,0,2.1380,0.0010
15,0,2.1480,0.0100
7,0,2.1690,0.0210
18,0,2.1730,0.0040
18,0,2.1750,0.0020
33,0,2.2960,0.1210
140,0,2.3060,0.0100
33,0,2.3220,0.0160
18,0,2.3250,0.0030
50,0,2.3260,0.0010
18,0,2.3280,0.0020
23,0,2.3290,0.0010
15,0,2.3300,0.0010
18,0,2.3380,0.0080
15,0,2.3390,0.0010
18,0,2.3400,0.0010
18,0,2.3500,0.0100
50,0,2.3530,0.0030
18,0,2.3720,0.0190
23,0,2.3730,0.0010
339,0,2.3990,0.0260
47,0,2.4060,0.0070
48,0,2.4070,0.0010
66,0,2.4080,0.0010
0,0,2.4160,0.0080
339,0,2.4220,0.0060
339,0,2.4260,0.0040
22,0,2.4270,0.0010
25,0,2.4360,0.0090
73,0,2.4400,0.0040
7,0,2.4420,0.0020
7,0,2.4460,0.0040
7,0,2.4490,0.0030
8,0,2.4520,0.0030
18,0,2.5270,0.0750
18,0,2.5310,0.0040
51,0,2.5540,0.0230
74,0,2.5670,0.0130
40,0,2.5680,0.0010
35,0,2.5740,0.0060
35,0,2.5780,0.0040
35,0,2.5870,0.0090
35,0,2.5890,0.0020
35,0,2.5940,0.0050
73,0,2.6240,0.0300
73,0,2.6260,0.0020
73,0,2.6270,0.0010
8,0,2.6280,0.0010
7,0,2.6290,0.0010
44,0,2.6500,0.0210
15,0,2.6970,0.0470
15,0,2.6990,0.0020
15,0,2.7000,0.0010
15,0,2.7010,0.0010
15,0,2.7030,0.0020
15,0,2.7090,0.0060
15,0,2.7120,0.0030
15,0,2.7140,0.0020
28,0,2.7430,0.0290
15,0,2.7440,0.0010
15,0,2.7450,0.0010
15,0,2.7460,0.0010
15,0,2.7480,0.0020
15,0,2.8280,0.0800
15,0,2.8350,0.0070
