SysID,Thread ID,time,inetrval
14,0,0.0800,0.0800
35,0,0.1050,0.0250
35,0,0.1150,0.0100
35,0,0.2150,0.1000
80,0,0.2280,0.0130
80,0,0.2290,0.0010
35,0,0.2330,0.0040
35,0,0.2370,0.0040
18,0,0.2390,0.0020
18,0,0.2400,0.0010
23,0,0.2410,0.0010
33,0,0.2420,0.0010
18,0,0.2650,0.0230
35,0,0.3070,0.0420
18,0,0.3090,0.0020
15,0,0.3100,0.0010
18,0,0.3130,0.0030
23,0,0.3140,0.0010
15,0,0.3150,0.0010
37,0,0.3280,0.0130
353,0,0.3380,0.0100
172,0,0.3400,0.0020
204,0,0.3420,0.0020
415,0,0.3430,0.0010
195,0,0.3480,0.0050
201,0,0.3490,0.0010
144,0,0.3500,0.0010
195,0,0.3510,0.0010
415,0,0.3550,0.0040
415,0,0.3560,0.0010
80,0,0.3770,0.0210
55,0,0.4070,0.0300
40,0,0.4170,0.0100
49,0,0.4450,0.0280
80,0,0.4500,0.0050
80,0,0.4520,0.0020
80,0,0.4530,0.0010
80,0,0.4630,0.0100
80,0,0.4670,0.0040
80,0,0.4700,0.0030
346,0,0.4800,0.0100
346,0,0.4810,0.0010
80,0,0.5190,0.0380
55,0,0.5200,0.0010
49,0,0.5260,0.0060
80,0,0.5270,0.0010
80,0,0.5280,0.0010
80,0,0.5290,0.0010
367,0,0.5580,0.0290
15,0,0.5610,0.0030
67,2,0.5680,0.0070
1,2,0.5820,0.0140
55,0,0.5890,0.0070
40,0,0.5910,0.0020
467,2,0.5920,0.0010
49,0,0.6020,0.0100
80,0,0.6180,0.0160
80,0,0.6270,0.0090
80,0,0.6290,0.0020
35,2,0.6300,0.0010
80,0,0.6300,0.0010
80,0,0.6320,0.0020
80,0,0.6420,0.0100
80,0,0.6420,0.0100
35,2,0.6440,0.0020
24,0,0.6480,0.0040
55,0,0.6720,0.0240
35,2,0.6720,0.0240
35,2,0.6750,0.0030
49,0,0.6780,0.0030
80,2,0.6790,0.0010
80,0,0.6800,0.0010
80,0,0.6830,0.0030
80,0,0.6870,0.0040
80,0,0.6950,0.0080
28,2,0.6970,0.0020
367,0,0.7060,0.0090
67,3,0.7140,0.0080
467,3,0.7180,0.0040
15,0,0.7190,0.0010
24,0,0.7230,0.0040
35,3,0.7280,0.0050
35,3,0.7280,0.0050
35,3,0.7290,0.0010
35,2,0.7300,0.0010
35,3,0.7300,0.0010
35,2,0.7310,0.0010
24,0,0.7330,0.0020
35,2,0.7340,0.0010
35,2,0.7370,0.0030
35,2,0.7380,0.0010
464,3,0.7450,0.0070
464,2,0.7500,0.0050
18,0,0.7570,0.0070
24,0,0.7610,0.0040
24,0,0.7620,0.0010
112,0,0.7770,0.0150
112,3,0.7870,0.0100
464,2,0.7970,0.0100
112,0,0.7980,0.0010
35,2,0.8130,0.0150
464,2,0.8140,0.0010
464,3,0.8150,0.0010
112,0,0.8160,0.0010
112,2,0.8360,0.0200
367,0,0.8480,0.0120
15,0,0.8490,0.0010

55,0,0.8520,0.0030
35,3,0.8550,0.0030
1,4,0.8560,0.0010
464,3,0.8580,0.00203464,3,0.8580,0.002035,2,0.8580,0.0020

112,0,0.8590,0.0010
367,4,0.8610,0.0020
35,3,0.8620,0.0010
35,4,0.8640,0.0020
35,3,0.8650,0.0010
35,2,0.8660,0.0010
35,4,0.8700,0.0040
355,2,0.8960,0.0260
35,4,0.8970,0.0010
35,3,0.9070,0.0100
49,0,0.9090,0.0020
35,4,0.9090,0.0020
355,2,0.9120,0.0030
18,2,0.9230,0.0110
23,2,0.9240,0.0010
35,3,0.9310,0.0070
35,4,0.9340,0.0030
35,4,0.9410,0.0070
80,0,0.9420,0.0010
112,2,0.9430,0.0010112,2,0.9430,0.0010
24,2,0.9450,0.0020
35,4,0.9460,0.0010

35,4,0.9460,0.0010
35,4,0.9480,0.0020
464,3,0.9510,0.0030
35,4,0.9570,0.0060
35,4,0.9580,0.0010
112,2,0.9650,0.0070
49,0,0.9660,0.0010
35,4,0.9680,0.0020
35,4,0.9740,0.0060
80,0,0.9740,0.0060
80,0,0.9850,0.0110
35,4,0.9850,0.0110
80,0,0.9860,0.0010
35,4,0.9920,0.0060
80,0,0.9930,0.0010
61,3,0.9970,0.0040
61,2,0.9970,0.0040
15,0,0.9990,0.0020
464,0,1.0090,0.0100
112,2,1.0100,0.0010
51,2,1.0160,0.0060
51,3,1.0170,0.0010
74,2,1.0180,0.0010
55,0,1.0190,0.0010
464,3,1.0220,0.0030
112,2,1.0250,0.0030
49,2,1.0260,0.0010
464,2,1.0270,0.0010
80,3,1.0270,0.0010
80,2,1.0280,0.0010
464,2,1.0360,0.0080
49,3,1.0370,0.0010
112,3,1.0410,0.0040
367,3,1.0430,0.0020
15,3,1.0440,0.0010
15,2,1.0450,0.0010
35,2,1.0480,0.0030
40,0,1.0490,0.0010
35,2,1.0530,0.0040
35,3,1.0550,0.0020
35,3,1.0550,0.0020
35,4,1.0620,0.0070
49,0,1.0620,0.0070
367,0,1.0630,0.0010
15,0,1.0660,0.0030
28,2,1.0670,0.0010
35,4,1.0680,0.0010
35,4,1.0690,0.0010
35,2,1.0740,0.0050
35,4,1.0750,0.0010
35,2,1.0760,0.0010
467,2,1.0770,0.0010
49,0,1.0780,0.0010
35,4,1.0780,0.0010
80,0,1.0790,0.0010
35,4,1.0790,0.0010
35,4,1.0800,0.0010
35,3,1.0810,0.0010
35,4,1.0820,0.0010
14,0,1.0830,0.0010
76,0,1.1170,0.0340
76,0,1.1210,0.0040
76,0,1.1340,0.0130
414,0,1.1370,0.0030
14,0,1.1380,0.0010
414,0,1.1470,0.0090
24,0,1.1780,0.0310
30,0,1.1790,0.0010
24,0,1.1800,0.0010
73,0,1.2440,0.0640
73,0,1.2470,0.0030
73,0,1.2480,0.0010
24,0,1.2520,0.0040
24,0,1.2610,0.0090
24,0,1.2780,0.0170
18,0,1.3240,0.0460
23,0,1.3280,0.0040
23,0,1.3390,0.0110
24,0,1.3600,0.0210
35,0,1.3760,0.0160
414,0,1.3990,0.0230
414,0,1.4120,0.0130
451,0,1.4610,0.0490
451,0,1.4750,0.0140
451,0,1.5570,0.0820
414,0,1.5610,0.0040
451,0,1.5850,0.0240
451,0,1.5890,0.0040
451,0,1.5900,0.0010
451,0,1.5940,0.0040
414,0,1.5960,0.0020
414,0,1.6160,0.0200
35,0,1.6340,0.0180
35,0,1.6380,0.0040
35,0,1.6390,0.0010
35,0,1.6480,0.0090
35,0,1.6510,0.0030
35,0,1.6570,0.0060
35,0,1.6600,0.0030
73,0,1.6840,0.0240
73,0,1.6850,0.0010
35,0,1.7200,0.0350
24,0,1.7450,0.0250
414,0,1.7670,0.0220
451,0,1.8120,0.0450
414,0,1.8180,0.0060
35,0,1.8490,0.0310
35,0,1.8510,0.0020
35,0,1.8520,0.0010
35,0,1.8540,0.0020
35,0,1.8560,0.0020
35,0,1.8570,0.0010
35,0,1.8590,0.0020
35,0,1.8600,0.0010
35,0,1.8620,0.0020
35,0,1.8640,0.0020
414,0,2.0850,0.2210
414,0,2.1140,0.0290
25,0,2.1170,0.0030
35,0,2.1270,0.0100
414,0,2.1280,0.0010
54,0,2.1450,0.0170
80,0,2.1470,0.0020
140,0,2.1780,0.0310
61,0,2.1970,0.0190
51,0,2.1990,0.0020
40,0,2.2000,0.0010
42,0,2.2030,0.0030
346,0,2.2100,0.0070
37,0,2.2130,0.0030
55,0,2.2180,0.0050
49,0,2.2190,0.0010
35,0,2.2210,0.0020
76,0,2.2240,0.0030
414,0,2.2250,0.0010
54,0,2.2290,0.0040
25,0,2.2300,0.0010
35,0,2.2320,0.0020
35,0,2.2330,0.0010
35,0,2.2340,0.0010
35,0,2.2350,0.0010
35,0,2.2360,0.0010
35,0,2.2370,0.0010
35,0,2.2380,0.0010
35,0,2.2390,0.0010
35,0,2.2400,0.0010
35,0,2.2410,0.0010
35,0,2.2420,0.0010
35,0,2.2430,0.0010
35,0,2.2440,0.0010
35,0,2.2450,0.0010
35,0,2.2460,0.0010
35,0,2.2470,0.0010
35,0,2.2480,0.0010
35,0,2.2490,0.0010
35,0,2.2500,0.0010
35,0,2.2510,0.0010
35,0,2.2520,0.0010
35,0,2.2530,0.0010
35,0,2.2540,0.0010
35,0,2.2550,0.0010
35,0,2.2560,0.0010
35,0,2.2570,0.0010
35,0,2.2580,0.0010
35,0,2.2590,0.0010
35,0,2.2600,0.0010
35,0,2.2610,0.0010
35,0,2.2620,0.0010
35,0,2.2630,0.0010
35,0,2.2640,0.0010
35,0,2.2650,0.0010
35,0,2.2660,0.0010
35,0,2.2670,0.0010
35,0,2.2680,0.0010
35,0,2.2690,0.0010
35,0,2.2700,0.0010
35,0,2.2710,0.0010
35,0,2.2720,0.0010
35,0,2.2730,0.0010
35,0,2.2740,0.0010
35,0,2.2750,0.0010
35,0,2.2760,0.0010
25,0,2.2870,0.0110
18,0,2.2890,0.0020
451,0,2.2920,0.0030
451,0,2.2940,0.0020
18,0,2.3000,0.0060
18,0,2.3020,0.0020
18,0,2.3100,0.0080
18,0,2.3270,0.0170
18,0,2.3290,0.0020
18,0,2.3320,0.0030
18,0,2.3340,0.0020
18,0,2.3390,0.0050
23,0,2.3400,0.0010
15,0,2.3410,0.0010
18,0,2.3420,0.0010
23,0,2.3430,0.0010
15,0,2.3440,0.0010
4834,0,2.3450,0.0010
37,0,2.3510,0.0060
35,0,2.3530,0.0020
80,0,2.3550,0.0020
246,0,2.4190,0.0640
33,0,2.4430,0.0240
18,0,2.4440,0.0010
18,0,2.4450,0.0010
15,0,2.4460,0.0010
18,0,2.4490,0.0030
18,0,2.4500,0.0010
18,0,2.4510,0.0010
18,0,2.4590,0.0080
18,0,2.4610,0.0020
18,0,2.4620,0.0010
23,0,2.4640,0.0020
15,0,2.4680,0.0040
18,0,2.4710,0.0030
18,0,2.4720,0.0010
23,0,2.4740,0.0020
15,0,2.4860,0.0120
18,0,2.6130,0.1270
18,0,2.6160,0.0030
51,0,2.6280,0.0120
74,0,2.6390,0.0110
40,0,2.6400,0.0010
35,0,2.6460,0.0060
35,0,2.6510,0.0050
35,0,2.6600,0.0090
451,0,2.6650,0.0050
35,0,2.6710,0.0060
35,0,2.6990,0.0280
4101,0,2.7030,0.0040
37,0,2.7070,0.0040
4224,0,2.7100,0.0030
4098,0,2.7110,0.0010
5169,0,2.7120,0.0010
296,0,2.7150,0.0030
66,0,2.7170,0.0020
0,0,2.7380,0.0210
28,0,2.7430,0.0050
15,0,2.7440,0.0010
15,0,2.7450,0.0010
25,0,2.7480,0.0030
288,0,2.7580,0.0100
22,0,2.7670,0.0090
288,0,2.7680,0.0010
23,0,2.7830,0.0150
28,0,2.7930,0.0100
5,0,2.7950,0.0020
18,0,2.7990,0.0040
414,0,2.8090,0.0100
451,0,2.8430,0.0340
451,0,2.8520,0.0090
451,0,2.8540,0.0020
451,0,2.8550,0.0010
24,0,2.9430,0.0880
14,0,2.9470,0.0040
415,0,2.9550,0.0080
14,0,2.9580,0.0030
448,0,2.9590,0.0010
67,0,2.9600,0.0010
35,0,2.9690,0.0090
35,0,2.9700,0.0010
24,0,2.9890,0.0190
24,0,2.9920,0.0030
24,0,2.9930,0.0010
24,0,3.0080,0.0150
7,0,3.0220,0.0140
33,0,3.0510,0.0290
140,0,3.0590,0.0080
33,0,3.0740,0.0150
18,0,3.0760,0.0020
15,0,3.0770,0.0010
50,0,3.0780,0.0010
18,0,3.0800,0.0020
23,0,3.0810,0.0010
15,0,3.0820,0.0010
18,0,3.0900,0.0080
15,0,3.0910,0.0010
18,0,3.0920,0.0010
18,0,3.1020,0.0100
50,0,3.1050,0.0030
18,0,3.1400,0.0350
23,0,3.1420,0.0020
7,0,3.3030,0.1610
35,0,3.3530,0.0500
35,0,3.3540,0.0010
35,0,3.3580,0.0040
35,0,3.3600,0.0020
35,0,3.3680,0.0080
35,0,3.3710,0.0030
193,0,3.3840,0.0130
35,0,3.3870,0.0030
35,0,3.3890,0.0020
7,5,3.4050,0.0160
7,0,3.4470,0.0420
8,0,3.4560,0.0090
91,0,3.4660,0.0100
14,5,3.4710,0.0050
448,5,3.4720,0.0010
25,5,3.4770,0.0050
22,5,3.4810,0.0040
18,5,3.4830,0.0020
15,5,3.4840,0.0010
22,5,3.4860,0.0020
22,5,3.4880,0.0020
18,5,3.4980,0.0100
22,5,3.5020,0.0040
23,5,3.5030,0.0010
15,5,3.5050,0.0020
22,5,3.5060,0.0010
23,5,3.5070,0.0010
15,5,3.5080,0.0010
54,5,3.5170,0.0090
22,5,3.5310,0.0140
23,5,3.5400,0.0090
15,5,3.5450,0.0050
72,5,3.5540,0.0090
18,5,3.6070,0.0530
18,5,3.6100,0.0030
18,5,3.6120,0.0020
23,5,3.6130,0.0010
15,5,3.6140,0.0010
18,5,3.6160,0.0020
15,5,3.6170,0.0010
18,5,3.6180,0.0010
18,5,3.6230,0.0050
33,5,3.6320,0.0090
88,5,3.6370,0.0050
347,5,3.6380,0.0010
36,5,3.6390,0.0010
296,5,3.6410,0.0020
33,5,3.6470,0.0060
33,5,3.6500,0.0030
33,5,3.6510,0.0010
33,5,3.6520,0.0010
33,5,3.6530,0.0010
33,5,3.6540,0.0010
33,5,3.7230,0.0690
33,5,3.7250,0.0020
15,5,3.7460,0.0210
15,5,3.7470,0.0010
22,5,3.7520,0.0050
54,5,3.7540,0.0020
25,5,3.7550,0.0010
451,5,3.7600,0.0050
451,5,3.7610,0.0010
451,5,3.7640,0.0030
22,5,3.7660,0.0020
23,5,3.7680,0.0020
15,5,3.7690,0.0010
72,5,3.8000,0.0310
60,5,3.8060,0.0060
36,5,3.9640,0.1580
36,5,3.9650,0.0010
36,5,3.9980,0.0330
33,5,4.0070,0.0090
121,5,4.0140,0.0070
137,5,4.0160,0.0020
36,5,4.0380,0.0220
127,5,4.0400,0.0020
13,5,4.0420,0.0020
140,5,4.0730,0.0310
140,5,4.1600,0.0870
33,5,4.3060,0.1460
121,5,4.3070,0.0010
140,5,4.3080,0.0010
140,5,4.3150,0.0070
131,5,4.3850,0.0700
430,5,4.4100,0.0250
37,5,4.4340,0.0240
15,5,4.4620,0.0280
15,5,4.4650,0.0030
14,5,4.4720,0.0070
83,5,4.4830,0.0110
296,0,4.4860,0.0030
33,0,4.4870,0.0010
15,0,4.4880,0.0010
193,0,4.4890,0.0010
91,0,4.4900,0.0010
22,6,4.4910,0.0010
36,6,4.4920,0.0010
36,6,4.4960,0.0040
140,6,4.5060,0.0100
131,6,4.5360,0.0300
80,0,4.5710,0.0350
72,0,4.5740,0.0030
33,0,4.5970,0.0230
122,0,4.5990,0.0020
137,0,4.6000,0.0010
140,0,4.6060,0.0060
52,0,4.7520,0.1460
140,0,9.7790,5.0270
140,0,9.8340,0.0550
140,0,9.9150,0.0810
140,0,9.9250,0.0100
140,0,9.9310,0.0060
140,0,9.9330,0.0020
140,0,9.9870,0.0540
140,0,9.9880,0.0010
35,0,9.9900,0.0020
140,0,9.9970,0.0070
140,0,10.0060,0.0090
52,0,10.0080,0.0020
140,0,15.0110,5.0030
140,0,15.0120,0.0010
140,0,15.0650,0.0530
140,0,15.0660,0.0010
24,0,15.1200,0.0540
35,0,15.1210,0.0010
140,0,15.1220,0.0010
35,0,15.1230,0.0010
35,0,15.1240,0.0010
15,0,15.1260,0.0020
44,0,15.1490,0.0230
13,0,15.2010,0.0520
13,0,15.2030,0.0020
13,0,15.2040,0.0010
15,0,15.2410,0.0370
15,0,15.2440,0.0030
15,0,15.2510,0.0070
18,0,15.2530,0.0020
13,0,15.2580,0.0050
15,0,15.3230,0.0650
15,0,15.3590,0.0360
15,0,15.3660,0.0070
15,0,15.3840,0.0180
