SysID,Thread ID,time,inetrval
14,0,0.0780,0.0780
35,0,0.1010,0.0230
35,0,0.1110,0.0100
35,0,0.2120,0.1010
80,0,0.2240,0.0120
80,0,0.2250,0.0010
35,0,0.2290,0.0040
35,0,0.2300,0.0010
35,0,0.2330,0.0030
35,0,0.2340,0.0010
18,0,0.2360,0.0020
18,0,0.2370,0.0010
15,0,0.2380,0.0010
33,0,0.2390,0.0010
18,0,0.2620,0.0230
35,0,0.3030,0.0410
18,0,0.3050,0.0020
23,0,0.3060,0.0010
15,0,0.3070,0.0010
18,0,0.3090,0.0020
23,0,0.3100,0.0010
15,0,0.3110,0.0010
37,0,0.3240,0.0130
353,0,0.3350,0.0110
172,0,0.3380,0.0030
204,0,0.3390,0.0010
415,0,0.3400,0.0010
195,0,0.3450,0.0050
201,0,0.3460,0.0010
144,0,0.3470,0.0010
195,0,0.3480,0.0010
415,0,0.3520,0.0040
415,0,0.3530,0.0010
80,0,0.3750,0.0220
55,0,0.4060,0.0310
40,0,0.4170,0.0110
49,0,0.4430,0.0260
80,0,0.4600,0.0170
80,0,0.4610,0.0010
80,0,0.4650,0.0040
80,0,0.4680,0.0030
346,0,0.4770,0.0090
346,0,0.4780,0.0010
80,0,0.5170,0.0390
367,0,0.5430,0.0260
15,0,0.5450,0.0020
67,2,0.5520,0.0070
1,2,0.5670,0.0150
55,0,0.5740,0.0070
467,2,0.5760,0.0020
40,0,0.6090,0.0330
35,2,0.6100,0.0010
49,0,0.6210,0.0110
35,2,0.6220,0.0010
35,2,0.6240,0.0020
80,0,0.6270,0.0030
35,2,0.6300,0.0030
80,0,0.6340,0.0040
35,2,0.6350,0.0010
35,2,0.6370,0.0020
35,2,0.6390,0.0020
80,0,0.6410,0.0020
80,0,0.6530,0.0120
24,0,0.6640,0.0110
464,2,0.6740,0.0100
112,0,0.7050,0.0310
28,2,0.7170,0.0120
14,2,0.7260,0.0090
467,2,0.7400,0.0140
24,0,0.7420,0.0020
18,0,0.7520,0.0100
15,0,0.7530,0.0010
24,0,0.7570,0.0040
55,0,0.7690,0.0120
49,0,0.7720,0.0030
80,0,0.7740,0.0020
367,0,0.7750,0.0010
35,2,0.7760,0.0010
35,2,0.7770,0.0010
35,2,0.7780,0.0010
35,3,0.7800,0.0020
35,3,0.7810,0.0010
464,2,0.7860,0.0050
112,0,0.7870,0.0010
35,3,0.7880,0.0010
464,0,0.7920,0.0040
112,2,0.7930,0.0010
112,3,0.7940,0.0010
35,3,0.7950,0.0010
15,0,0.7960,0.0010
67,4,0.8000,0.0040
464,0,0.8010,0.0010
1,4,0.8050,0.0040
112,3,0.8060,0.0010
467,4,0.8090,0.0030
35,3,0.8130,0.0040
112,2,0.8140,0.0010
35,4,0.8160,0.0020
464,2,0.8260,0.0100
464,3,0.8270,0.0010
112,0,0.8280,0.0010
35,4,0.8330,0.0050
24,2,0.8330,0.0050
35,4,0.8480,0.0150
367,0,0.8490,0.0010
35,4,0.8500,0.0010
35,4,0.8590,0.0090
35,4,0.8620,0.0030
35,2,0.8650,0.0030
35,4,0.8730,0.0080
35,4,0.8730,0.0080
35,3,0.8790,0.0060
61,0,0.8870,0.0080
35,2,0.8880,0.0010
35,2,0.8890,0.0010
35,3,0.8980,0.0090
51,0,0.9000,0.0020
35,2,0.9010,0.0010
74,0,0.9020,0.0010
35,3,0.9040,0.0020
40,0,0.9050,0.0010
35,2,0.9070,0.0020
35,3,0.9090,0.0020
35,2,0.9100,0.0010
35,3,0.9110,0.0010
80,0,0.9120,0.0010
467,2,0.9130,0.0010
467,2,0.9140,0.0010
367,0,0.9150,0.0010
35,3,0.9160,0.0010
35,3,0.9160,0.0010
49,0,0.9230,0.0070
35,3,0.9240,0.0010
80,0,0.9250,0.0010
35,2,0.9250,0.0010
35,2,0.9260,0.0010
15,0,0.9270,0.0010
35,2,0.9280,0.0010
4,0,0.9300,0.0020
35,4,0.9310,0.0010
76,0,0.9480,0.0170
76,0,0.9520,0.0040
76,0,0.9650,0.0130
414,0,0.9680,0.0030
14,0,0.9690,0.0010
414,0,0.9780,0.0090
24,0,1.0100,0.0320
30,0,1.0110,0.0010
24,0,1.0120,0.0010
73,0,1.0770,0.0650
73,0,1.0810,0.0040
24,0,1.0860,0.0050
24,0,1.0950,0.0090
24,0,1.1140,0.0190
18,0,1.1570,0.0430
23,0,1.1610,0.0040
23,0,1.1720,0.0110
24,0,1.1940,0.0220
35,0,1.2100,0.0160
414,0,1.2330,0.0230
414,0,1.2460,0.0130
451,0,1.2950,0.0490
451,0,1.3090,0.0140
451,0,1.3920,0.0830
414,0,1.3940,0.0020
451,0,1.4190,0.0250
451,0,1.4240,0.0050
451,0,1.4270,0.0030
451,0,1.4280,0.0010
414,0,1.4300,0.0020
35,0,1.4480,0.0180
35,0,1.4520,0.0040
35,0,1.4530,0.0010
35,0,1.4620,0.0090
35,0,1.4650,0.0030
35,0,1.4700,0.0050
35,0,1.4730,0.0030
73,0,1.4980,0.0250
73,0,1.4990,0.0010
35,0,1.5340,0.0350
24,0,1.5600,0.0260
24,0,1.5620,0.0020
414,0,1.5820,0.0200
191,0,1.6200,0.0380
191,0,1.6210,0.0010
191,0,1.6230,0.0020
191,0,1.6270,0.0040
191,0,1.6290,0.0020
14,0,1.6320,0.0030
415,0,1.6400,0.0080
14,0,1.6430,0.0030
67,0,1.6440,0.0010
35,0,1.6530,0.0090
35,0,1.6540,0.0010
35,0,1.6550,0.0010
24,0,1.6820,0.0270
24,0,1.6830,0.0010
24,0,1.6980,0.0150
7,0,1.7110,0.0130
246,0,1.7160,0.0050
33,0,1.7410,0.0250
18,0,1.7430,0.0020
18,0,1.7460,0.0030
33,0,1.7470,0.0010
18,0,1.7480,0.0010
15,0,1.7490,0.0010
18,0,1.7560,0.0070
18,0,1.7570,0.0010
18,0,1.7580,0.0010
18,0,1.7590,0.0010
23,0,1.7610,0.0020
15,0,1.7650,0.0040
15,0,1.7660,0.0010
18,0,1.7690,0.0030
18,0,1.7700,0.0010
23,0,1.7710,0.0010
15,0,1.7820,0.0110
18,0,1.7860,0.0040
18,0,1.7880,0.0020
61,0,1.8230,0.0350
51,0,1.8290,0.0060
17,0,1.8300,0.0010
60,0,1.8450,0.0150
17,0,1.8510,0.0060
347,0,1.8570,0.0060
15,0,1.8620,0.0050
28,0,1.8680,0.0060
15,0,1.8690,0.0010
73,0,1.8760,0.0070
7,0,1.8780,0.0020
8,0,1.8840,0.0060
73,0,1.8860,0.0020
80,0,1.8960,0.0100
54,0,1.9180,0.0220
288,0,1.9380,0.0200
22,0,1.9490,0.0110
288,0,1.9500,0.0010
23,0,1.9660,0.0160
28,0,1.9770,0.0110
15,0,1.9780,0.0010
72,0,1.9870,0.0090
18,0,2.0430,0.0560
18,0,2.0440,0.0010
18,0,2.0460,0.0020
23,0,2.0470,0.0010
15,0,2.0490,0.0020
18,0,2.0510,0.0020
15,0,2.0520,0.0010
18,0,2.0600,0.0080
18,0,2.0610,0.0010
33,0,2.0760,0.0150
88,0,2.0820,0.0060
347,0,2.0830,0.0010
36,0,2.0840,0.0010
296,0,2.0860,0.0020
33,0,2.0910,0.0050
33,0,2.0940,0.0030
33,0,2.0950,0.0010
33,0,2.0960,0.0010
33,0,2.0980,0.0020
33,0,2.1670,0.0690
33,0,2.1690,0.0020
15,0,2.1900,0.0210
15,0,2.1910,0.0010
22,0,2.2000,0.0090
18,0,2.2020,0.0020
15,0,2.2030,0.0010
22,0,2.2050,0.0020
22,0,2.2060,0.0010
18,0,2.2170,0.0110
54,0,2.2270,0.0100
25,0,2.2280,0.0010
25,0,2.2290,0.0010
451,0,2.2340,0.0050
451,0,2.2350,0.0010
451,0,2.2390,0.0040
22,0,2.2410,0.0020
23,0,2.2450,0.0040
15,0,2.2470,0.0020
72,0,2.2680,0.0210
60,0,2.2740,0.0060
33,0,2.3570,0.0830
122,0,2.3640,0.0070
137,0,2.3660,0.0020
140,0,2.4130,0.0470
140,0,2.4920,0.0790
140,0,2.6630,0.1710
140,0,2.8030,0.1400
430,0,2.8330,0.0300
140,0,2.8510,0.0180
73,0,2.8630,0.0120
73,0,2.8700,0.0070
7,0,2.8710,0.0010
73,0,2.8720,0.0010
73,0,2.8870,0.0150
140,0,2.8890,0.0020
140,0,2.8900,0.0010
73,0,2.8910,0.0010
73,0,2.8920,0.0010
140,0,2.8930,0.0010
140,0,2.8940,0.0010
140,0,2.8960,0.0020
73,0,2.8970,0.0010
73,0,2.8980,0.0010
140,0,2.8990,0.0010
73,0,2.9000,0.0010
140,0,2.9010,0.0010
140,0,2.9020,0.0010
140,0,2.9030,0.0010
140,0,2.9040,0.0010
140,0,2.9050,0.0010
73,0,2.9060,0.0010
73,0,2.9070,0.0010
73,0,2.9080,0.0010
140,0,2.9090,0.0010
140,0,2.9100,0.0010
73,0,2.9120,0.0020
24,0,2.9130,0.0010
140,0,2.9140,0.0010
140,0,2.9150,0.0010
73,0,2.9170,0.0020
140,0,2.9180,0.0010
140,0,2.9200,0.0020
73,0,2.9220,0.0020
140,0,2.9230,0.0010
140,0,2.9240,0.0010
7,0,2.9250,0.0010
140,0,2.9260,0.0010
140,0,2.9270,0.0010
140,0,2.9280,0.0010
51,0,2.9290,0.0010
347,0,2.9300,0.0010
73,0,2.9340,0.0040
24,0,2.9410,0.0070
18,0,3.1110,0.1700
18,0,3.1140,0.0030
51,0,3.1210,0.0070
74,0,3.1230,0.0020
15,0,3.1240,0.0010
35,0,3.1400,0.0160
35,0,3.1440,0.0040
35,0,3.1530,0.0090
35,0,3.1550,0.0020
35,0,3.1600,0.0050
73,0,3.1910,0.0310
44,0,3.2170,0.0260
15,0,3.2590,0.0420
15,0,3.2600,0.0010
15,0,3.2620,0.0020
15,0,3.2640,0.0020
15,0,3.2970,0.0330
15,0,3.3090,0.0120
15,0,3.3310,0.0220
