SysID,Thread ID,time,inetrval
14,0,0.0760,0.0760
35,0,0.0990,0.0230
35,0,0.1100,0.0110
35,0,0.2120,0.1020
80,0,0.2250,0.0130
80,0,0.2260,0.0010
35,0,0.2300,0.0040
35,0,0.2310,0.0010
35,0,0.2340,0.0030
35,0,0.2350,0.0010
18,0,0.2370,0.0020
18,0,0.2380,0.0010
15,0,0.2390,0.0010
33,0,0.2400,0.0010
18,0,0.2630,0.0230
35,0,0.3050,0.0420
18,0,0.3070,0.0020
23,0,0.3080,0.0010
15,0,0.3090,0.0010
18,0,0.3110,0.0020
23,0,0.3120,0.0010
15,0,0.3130,0.0010
37,0,0.3260,0.0130
353,0,0.3360,0.0100
172,0,0.3380,0.0020
204,0,0.3400,0.0020
415,0,0.3410,0.0010
195,0,0.3460,0.0050
201,0,0.3470,0.0010
144,0,0.3480,0.0010
195,0,0.3490,0.0010
415,0,0.3530,0.0040
415,0,0.3540,0.0010
80,0,0.3750,0.0210
55,0,0.4090,0.0340
40,0,0.4190,0.0100
49,0,0.4470,0.0280
80,0,0.4620,0.0150
80,0,0.4630,0.0010
80,0,0.4640,0.0010
80,0,0.4650,0.0010
80,0,0.4690,0.0040
80,0,0.4710,0.0020
346,0,0.4810,0.0100
80,0,0.5200,0.0390
55,0,0.5210,0.0010
40,0,0.5220,0.0010
49,0,0.5270,0.0050
80,0,0.5280,0.0010
80,0,0.5290,0.0010
80,0,0.5300,0.0010
367,0,0.5590,0.0290
15,0,0.5610,0.0020
67,2,0.5680,0.0070
1,2,0.5860,0.0180
24,2,0.6010,0.0150
464,0,0.6150,0.0140
24,2,0.6400,0.0250
18,2,0.6510,0.0110
23,2,0.6520,0.0010
24,2,0.6560,0.0040
24,2,0.6570,0.0010
112,2,0.6710,0.0140
467,2,0.6780,0.0070
55,0,0.7160,0.0380
35,2,0.7170,0.0010
35,2,0.7230,0.0060
80,0,0.7260,0.0030
35,2,0.7280,0.0020
80,0,0.7290,0.0010
80,0,0.7320,0.0030
35,2,0.7330,0.0010
35,2,0.7420,0.0090
35,2,0.7430,0.0010
35,2,0.7450,0.0020
80,2,0.7500,0.0050
55,0,0.7690,0.0190
40,0,0.7720,0.0030
49,0,0.7840,0.0120
80,0,0.7860,0.0020
28,2,0.7880,0.0020
14,2,0.7940,0.0060
80,0,0.8050,0.0110
467,2,0.8060,0.0010
80,0,0.8080,0.0020
367,0,0.8100,0.0020
35,2,0.8110,0.0010
35,2,0.8140,0.0030
1,3,0.8140,0.0030
35,3,0.8150,0.0010
367,0,0.8180,0.0030
15,0,0.8190,0.0010
35,3,0.8210,0.0020
35,3,0.8250,0.004035,3,0.8250,0.0040
35,3,0.8270,0.0020
464,2,0.8280,0.0010
35,4,0.8290,0.0010
35,4,0.8300,0.0010
55,0,0.8310,0.0010
35,2,0.8330,0.0020
35,2,0.8330,0.0020
35,2,0.8340,0.0010
35,3,0.8350,0.0010
467,3,0.8360,0.0010
40,0,0.8370,0.0010
464,4,0.8410,0.0040
112,0,0.8460,0.0050
49,0,0.8470,0.0010
80,0,0.8480,0.0010
80,0,0.8490,0.0010

80,0,0.8490,0.0010
464,2,0.8500,0.0010
112,4,0.8510,0.0010
80,0,0.8520,0.0010
35,2,0.8570,0.0050
35,4,0.8570,0.0050
35,2,0.8630,0.0060

35,2,0.8630,0.0060
80,0,0.8650,0.0020
15,0,0.8670,0.0020
24,0,0.8680,0.0010
40,0,0.8690,0.0010
49,0,0.8720,0.0030
55,0,0.8730,0.0010
49,0,0.8770,0.0040
49,0,0.8820,0.0050
49,0,0.8900,0.0080
80,0,0.8910,0.0010
35,2,0.8920,0.0010
35,4,0.8930,0.0010
24,0,0.8950,0.0020
35,2,0.8960,0.0010
35,2,0.8990,0.0030
35,2,0.9010,0.0020
35,2,0.9010,0.0020
35,4,0.9020,0.0010
35,3,0.9020,0.0010
35,3,0.9020,0.0010
35,3,0.9030,0.0010
35,3,0.9030,0.0010
35,2,0.9040,0.0010
35,3,0.9050,0.0010
35,3,0.9050,0.0010
35,2,0.9090,0.0040
35,3,0.9230,0.0140
80,3,0.9310,0.0080
80,3,0.9310,0.0080
355,0,0.9320,0.0010
35,2,0.9390,0.0070
35,2,0.9390,0.0070
35,2,0.9400,0.0010
35,4,0.9420,0.0020
35,4,0.9430,0.0010

35,4,0.9430,0.0010
18,0,0.9540,0.0110
23,0,0.9550,0.0010
35,4,0.9690,0.0140

35,4,0.9690,0.0140

24,0,0.9720,0.0030
35,4,0.9740,0.0020
35,4,0.9740,0.0020
35,4,0.9770,0.0030
35,2,0.9800,0.0030
35,4,0.9800,0.0030
35,2,0.9810,0.0010
35,4,0.9870,0.0060
112,0,0.9880,0.0010
35,2,0.9900,0.0020
35,2,0.9910,0.0010
35,2,0.9930,0.0020
35,4,1.0080,0.0150
61,3,1.0160,0.0080
467,2,1.0170,0.0010
35,4,1.0200,0.0030
467,2,1.0200,0.0030
464,3,1.0270,0.0070
35,4,1.0310,0.0040
35,4,1.0330,0.0020
35,4,1.0330,0.0020
74,0,1.0350,0.0020
40,3,1.0360,0.0010
49,3,1.0380,0.0020
49,0,1.0390,0.0010
80,3,1.0400,0.0010
80,3,1.0400,0.0010
112,0,1.0410,0.0010
367,3,1.0430,0.0020
35,4,1.0440,0.0010
35,0,1.0470,0.0030
35,0,1.0480,0.0010
35,0,1.0480,0.0010
76,0,1.0810,0.0330
76,0,1.0850,0.0040
76,0,1.1000,0.0150
76,0,1.1010,0.0010
414,0,1.1050,0.0040
414,0,1.1150,0.0100
24,0,1.1480,0.0330
30,0,1.1490,0.0010
24,0,1.1500,0.0010
73,0,1.2190,0.0690
73,0,1.2230,0.0040
24,0,1.2280,0.0050
24,0,1.2370,0.0090
24,0,1.2530,0.0160
18,0,1.2960,0.0430
23,0,1.3000,0.0040
23,0,1.3110,0.0110
24,0,1.3320,0.0210
35,0,1.3480,0.0160
414,0,1.3700,0.0220
414,0,1.3840,0.0140
451,0,1.4350,0.0510
451,0,1.4490,0.0140
451,0,1.5360,0.0870
414,0,1.5390,0.0030
451,0,1.5650,0.0260
451,0,1.5690,0.0040
451,0,1.5700,0.0010
451,0,1.5730,0.0030
414,0,1.5750,0.0020
451,0,1.5880,0.0130
451,0,1.5960,0.0080
451,0,1.5970,0.0010
451,0,1.6060,0.0090
414,0,1.6070,0.0010
414,0,1.6080,0.0010
35,0,1.6250,0.0170
35,0,1.6290,0.0040
35,0,1.6300,0.0010
35,0,1.6390,0.0090
35,0,1.6420,0.0030
35,0,1.6470,0.0050
35,0,1.6500,0.0030
73,0,1.6740,0.0240
73,0,1.6750,0.0010
35,0,1.7090,0.0340
24,0,1.7360,0.0270
414,0,1.7600,0.0240
35,0,1.8080,0.0480
35,0,1.8090,0.0010
35,0,1.8110,0.0020
35,0,1.8130,0.0020
35,0,1.8140,0.0010
35,0,1.8160,0.0020
35,0,1.8170,0.0010
35,0,1.8190,0.0020
35,0,1.8200,0.0010
35,0,1.8220,0.0020
414,0,2.0400,0.2180
414,0,2.0670,0.0270
25,0,2.0700,0.0030
35,0,2.0800,0.0100
414,0,2.0810,0.0010
54,0,2.0970,0.0160
80,0,2.0990,0.0020
80,0,2.1000,0.0010
140,0,2.1340,0.0340
61,0,2.1520,0.0180
51,0,2.1540,0.0020
74,0,2.1550,0.0010
40,0,2.1560,0.0010
42,0,2.1580,0.0020
15,0,2.1590,0.0010
346,0,2.1660,0.0070
37,0,2.1680,0.0020
55,0,2.1730,0.0050
49,0,2.1740,0.0010
80,0,2.1750,0.0010
35,0,2.1760,0.0010
15,0,2.1770,0.0010
76,0,2.1790,0.0020
414,0,2.1800,0.0010
54,0,2.1840,0.0040
25,0,2.1860,0.0020
35,0,2.1880,0.0020
35,0,2.1890,0.0010
35,0,2.1900,0.0010
35,0,2.1910,0.0010
35,0,2.1920,0.0010
35,0,2.1930,0.0010
35,0,2.1940,0.0010
35,0,2.1950,0.0010
35,0,2.1960,0.0010
35,0,2.1970,0.0010
35,0,2.1980,0.0010
35,0,2.1990,0.0010
35,0,2.2000,0.0010
35,0,2.2010,0.0010
35,0,2.2020,0.0010
35,0,2.2030,0.0010
35,0,2.2040,0.0010
35,0,2.2050,0.0010
35,0,2.2060,0.0010
35,0,2.2070,0.0010
35,0,2.2080,0.0010
35,0,2.2090,0.0010
35,0,2.2100,0.0010
35,0,2.2110,0.0010
35,0,2.2120,0.0010
35,0,2.2130,0.0010
35,0,2.2140,0.0010
35,0,2.2150,0.0010
35,0,2.2160,0.0010
35,0,2.2170,0.0010
35,0,2.2180,0.0010
35,0,2.2190,0.0010
35,0,2.2200,0.0010
35,0,2.2210,0.0010
35,0,2.2220,0.0010
35,0,2.2230,0.0010
35,0,2.2240,0.0010
35,0,2.2250,0.0010
35,0,2.2260,0.0010
35,0,2.2270,0.0010
35,0,2.2280,0.0010
35,0,2.2290,0.0010
35,0,2.2300,0.0010
35,0,2.2310,0.0010
25,0,2.2420,0.0110
18,0,2.2440,0.0020
451,0,2.2470,0.0030
451,0,2.2480,0.0010
451,0,2.2490,0.0010
451,0,2.2500,0.0010
18,0,2.2560,0.0060
18,0,2.2580,0.0020
18,0,2.2660,0.0080
18,0,2.2820,0.0160
18,0,2.2840,0.0020
18,0,2.2870,0.0030
18,0,2.2900,0.0030
18,0,2.2940,0.0040
23,0,2.2950,0.0010
15,0,2.2960,0.0010
18,0,2.2970,0.0010
23,0,2.2990,0.0020
4834,0,2.3000,0.0010
37,0,2.3060,0.0060
35,0,2.3090,0.0030
80,0,2.3110,0.0020
246,0,2.3730,0.0620
246,0,2.3740,0.0010
33,0,2.3990,0.0250
18,0,2.4000,0.0010
18,0,2.4010,0.0010
18,0,2.4050,0.0040
18,0,2.4060,0.0010
18,0,2.4070,0.0010
18,0,2.4150,0.0080
18,0,2.4170,0.0020
18,0,2.4180,0.0010
23,0,2.4200,0.0020
15,0,2.4240,0.0040
18,0,2.4270,0.0030
18,0,2.4280,0.0010
23,0,2.4300,0.0020
15,0,2.4400,0.0100
18,0,2.5650,0.1250
18,0,2.5680,0.0030
51,0,2.5810,0.0130
74,0,2.5920,0.0110
40,0,2.5930,0.0010
35,0,2.5990,0.0060
35,0,2.6040,0.0050
35,0,2.6130,0.0090
451,0,2.6180,0.0050
451,0,2.6190,0.0010
35,0,2.6250,0.0060
35,0,2.6520,0.0270
4101,0,2.6560,0.0040
37,0,2.6600,0.0040
80,0,2.6610,0.0010
4224,0,2.6640,0.0030
4098,0,2.6650,0.0010
296,0,2.6680,0.0030
66,0,2.6700,0.0020
0,0,2.6940,0.0240
28,0,2.7000,0.0060
15,0,2.7010,0.0010
15,0,2.7020,0.0010
25,0,2.7050,0.0030
288,0,2.7140,0.0090
22,0,2.7240,0.0100
288,0,2.7250,0.0010
23,0,2.7400,0.0150
28,0,2.7500,0.0100
15,0,2.7510,0.0010
5,0,2.7520,0.0010
18,0,2.7560,0.0040
414,0,2.7660,0.0100
451,0,2.7730,0.0070
22,0,2.7850,0.0120
23,0,2.7860,0.0010
15,0,2.7880,0.0020
414,0,2.7900,0.0020
451,0,2.7970,0.0070
14,0,2.8070,0.0100
415,0,2.8160,0.0090
14,0,2.8190,0.0030
448,0,2.8200,0.0010
35,0,2.8300,0.0100
35,0,2.8310,0.0010
24,0,2.8500,0.0190
24,0,2.8540,0.0040
24,0,2.8550,0.0010
24,0,2.8700,0.0150
7,0,2.8880,0.0180
73,0,2.9310,0.0430
7,0,2.9330,0.0020
73,0,2.9470,0.0140
85,0,2.9520,0.0050
7,0,2.9560,0.0040
15,0,2.9580,0.0020
22,0,2.9620,0.0040
288,0,2.9630,0.0010
23,0,2.9640,0.0010
15,0,2.9650,0.0010
85,0,2.9680,0.0030
37,0,2.9800,0.0120
55,0,2.9810,0.0010
49,0,2.9820,0.0010
4,0,2.9830,0.0010
80,2,2.9860,0.0030
4,0,2.9870,0.0010
14,0,2.9930,0.0060
80,0,2.9940,0.0010
355,0,3.0240,0.0300
72,0,3.0320,0.0080
201,0,3.0340,0.0020
435,0,3.0360,0.0020
144,0,3.0400,0.0040
442,0,3.0530,0.0130
355,0,3.0620,0.0090
442,0,3.0650,0.0030
355,0,3.0670,0.0020
355,0,3.0860,0.0190
430,0,3.1160,0.0300
85,0,3.1270,0.0110
72,0,3.1330,0.0060
7,0,3.1360,0.0030
24,0,3.1400,0.0040
72,0,3.1420,0.0020
7,0,3.1430,0.0010
15,0,3.1440,0.0010
30,0,3.1540,0.0100
30,0,3.1570,0.0030
72,0,3.1630,0.0060
7,0,3.1640,0.0010
15,0,3.1650,0.0010
35,0,3.2050,0.0400
35,0,3.2080,0.0030
73,0,3.2560,0.0480
7,0,3.2740,0.0180
8,0,3.2790,0.0050
35,0,3.2920,0.0130
73,0,3.2970,0.0050
8,0,3.3000,0.0030
7,0,3.3130,0.0130
35,0,7.8540,4.5410
73,0,7.8580,0.0040
15,0,7.8590,0.0010
85,0,7.8600,0.0010
72,0,7.8620,0.0020
24,0,7.8640,0.0020
72,0,7.8660,0.0020
72,0,7.8670,0.0010
8,0,7.8680,0.0010
73,0,7.8690,0.0010
7,0,7.8700,0.0010
73,0,7.8710,0.0010
35,0,12.3900,4.5190
35,0,12.3910,0.0010
15,0,12.3920,0.0010
72,0,12.3930,0.0010
8,0,12.3940,0.0010
35,0,16.9180,4.5240
44,0,16.9370,0.0190
15,0,16.9670,0.0300
15,0,16.9810,0.0140
15,0,17.0120,0.0310
15,0,17.0160,0.0040
18,0,17.0180,0.0020
13,0,17.0250,0.0070
15,0,17.1100,0.0850
15,0,17.1110,0.0010
15,0,17.1270,0.0160
15,0,17.1420,0.0150
