SysID,Thread ID,time,inetrval
14,0,0.0790,0.0790
35,0,0.1020,0.0230
35,0,0.1120,0.0100
35,0,0.2320,0.1200
80,0,0.2450,0.0130
80,0,0.2460,0.0010
35,0,0.2500,0.0040
35,0,0.2540,0.0040
18,0,0.2570,0.0030
18,0,0.2580,0.0010
15,0,0.2590,0.0010
33,0,0.2600,0.0010
18,0,0.2830,0.0230
35,0,0.3290,0.0460
18,0,0.3310,0.0020
15,0,0.3320,0.0010
18,0,0.3350,0.0030
15,0,0.3360,0.0010
37,0,0.3490,0.0130
353,0,0.3600,0.0110
172,0,0.3620,0.0020
204,0,0.3640,0.0020
415,0,0.3650,0.0010
195,0,0.3700,0.0050
201,0,0.3710,0.0010
144,0,0.3720,0.0010
195,0,0.3730,0.0010
415,0,0.3780,0.0050
415,0,0.3790,0.0010
80,0,0.3990,0.0200
55,0,0.4310,0.0320
40,0,0.4420,0.0110
49,0,0.4690,0.0270
80,0,0.4760,0.0070
80,0,0.4770,0.0010
80,0,0.4780,0.0010
80,0,0.4810,0.0030
80,0,0.4840,0.0030
346,0,0.4940,0.0100
346,0,0.4950,0.0010
80,0,0.5320,0.0370
367,0,0.5620,0.0300
15,0,0.5650,0.0030
67,2,0.5710,0.0060
1,2,0.5860,0.0150
55,0,0.5870,0.0010
467,2,0.5940,0.0070
55,0,0.6080,0.0140
367,2,0.6170,0.0090
67,3,0.6190,0.0020
55,0,0.6350,0.0160
24,3,0.6470,0.0120
464,0,0.6560,0.0090
35,2,0.6630,0.0070
35,2,0.6860,0.0230
112,3,0.6890,0.0030
1,3,0.6910,0.0020
35,2,0.6910,0.0020
464,3,0.7080,0.0170
35,2,0.7100,0.0020
35,2,0.7110,0.0010
35,2,0.7120,0.0010
24,0,0.7140,0.0020
35,2,0.7160,0.0020
35,2,0.7180,0.0020
35,2,0.7220,0.0040
35,2,0.7240,0.0020
18,0,0.7280,0.0040
23,0,0.7290,0.0010
24,0,0.7330,0.0040
24,0,0.7340,0.0010
35,2,0.7370,0.0030
35,2,0.7390,0.0020
35,2,0.7430,0.0040
80,2,0.7470,0.0040
112,0,0.7480,0.0010
464,3,0.7510,0.0030
112,2,0.7610,0.0100
55,0,0.7660,0.0050
467,3,0.7660,0.0050
367,3,0.7700,0.0040
464,2,0.7720,0.0020
355,3,0.7970,0.0250
28,2,0.8060,0.0090
355,3,0.8080,0.0020
24,0,0.8240,0.0160
18,3,0.8360,0.0120
464,2,0.8390,0.0030
464,4,0.8500,0.0110
112,0,0.8510,0.0010
23,3,0.8520,0.0010
112,0,0.8620,0.0100
24,3,0.8720,0.0100
24,3,0.8840,0.0120
464,4,0.8840,0.0120
55,0,0.8930,0.0090
24,4,0.9000,0.0070
467,4,0.9010,0.0010
367,4,0.9030,0.0020
55,0,0.9060,0.0030
112,3,0.9140,0.0080
40,0,0.9380,0.0240
61,2,0.9510,0.0130
61,3,0.9540,0.0030
464,3,0.9570,0.0030
49,0,0.9720,0.0150
112,4,0.9730,0.0010
51,2,0.9800,0.0070
51,4,0.9850,0.0050
74,2,0.9860,0.0010
40,2,0.9870,0.0010
464,3,0.9900,0.0030
112,2,0.9920,0.0020
80,0,0.9930,0.0010
49,4,0.9940,0.0010
49,2,0.9950,0.0010
80,4,0.9960,0.0010
49,3,0.9960,0.0010
80,4,0.9980,0.0020
112,0,1.0000,0.0020
80,2,1.0010,0.0010
464,0,1.0020,0.0010
464,2,1.0030,0.0010
80,3,1.0040,0.0010
55,4,1.0050,0.0010
80,0,1.0060,0.0010
49,4,1.0130,0.0070
80,3,1.0140,0.0010
80,0,1.0170,0.0030
15,2,1.0190,0.0020
80,4,1.0200,0.0010
112,3,1.0210,0.0010
464,3,1.0260,0.0050
80,4,1.0260,0.0050
112,0,1.0290,0.0030
80,4,1.0300,0.0010
15,3,1.0310,0.0010
112,2,1.0320,0.0010
55,0,1.0330,0.0010
15,4,1.0340,0.0010
61,3,1.0360,0.0020
15,4,1.0370,0.0010
15,4,1.0400,0.0030
80,2,1.0440,0.0040
112,3,1.0450,0.0010
49,3,1.0460,0.0010

80,2,1.0470,0.0010
80,4,1.0480,0.0010
80,3,1.0480,0.0010
80,3,1.0480,0.0010
112,0,1.0490,0.0010
112,4,1.0520,0.0030
112,2,1.0530,0.0010
61,2,1.0540,0.0010
51,2,1.0550,0.0010
51,2,1.0550,0.0010
49,2,1.0570,0.0020
80,2,1.0580,0.0010
35,4,1.0580,0.0010
35,4,1.0590,0.0010
35,3,1.0590,0.0010
35,3,1.0590,0.0010
15,0,1.0600,0.0010
35,4,1.0610,0.0010
112,3,1.0620,0.0010
35,0,1.0630,0.0010
35,2,1.0640,0.0010
35,0,1.0650,0.0010
35,2,1.0650,0.0010
35,0,1.0660,0.0010
35,2,1.0660,0.0010
35,2,1.0660,0.0010
35,2,1.0660,0.0010
35,0,1.0680,0.0020
35,3,1.0690,0.0010
35,0,1.0700,0.0010
35,2,1.0710,0.0010
35,0,1.0710,0.0010
467,4,1.0730,0.0020
35,0,1.0740,0.0010
80,2,1.0750,0.0010
35,3,1.0760,0.0010
467,3,1.0840,0.0080
76,0,1.0950,0.0110
76,0,1.0990,0.0040
76,0,1.1130,0.0140
76,0,1.1140,0.0010
414,0,1.1170,0.0030
14,0,1.1180,0.0010
414,0,1.1270,0.0090
24,0,1.1590,0.0320
30,0,1.1600,0.0010
24,0,1.1620,0.0020
73,0,1.2240,0.0620
73,0,1.2280,0.0040
24,0,1.2330,0.0050
24,0,1.2430,0.0100
24,0,1.2600,0.0170
18,0,1.3040,0.0440
23,0,1.3080,0.0040
23,0,1.3200,0.0120
24,0,1.3410,0.0210
35,0,1.3570,0.0160
414,0,1.3810,0.0240
72,0,1.3840,0.0030
72,0,1.3870,0.0030
288,0,1.3960,0.0090
22,0,1.4050,0.0090
288,0,1.4070,0.0020
22,0,1.4150,0.0080
281,0,1.4180,0.0030
281,0,1.4200,0.0020
191,0,1.4220,0.0020
451,0,1.4300,0.0080
451,0,1.4450,0.0150
414,0,1.4580,0.0130
35,0,1.4760,0.0180
35,0,1.4810,0.0050
35,0,1.4820,0.0010
35,0,1.4900,0.0080
35,0,1.4940,0.0040
35,0,1.4990,0.0050
35,0,1.5020,0.0030
73,0,1.5270,0.0250
73,0,1.5280,0.0010
35,0,1.5640,0.0360
24,0,1.5920,0.0280
414,0,1.6170,0.0250
414,0,1.6290,0.0120
191,0,1.6540,0.0250
414,0,1.6580,0.0040
414,0,1.6780,0.0200
414,0,1.6960,0.0180
191,0,1.7160,0.0200
22,0,1.7170,0.0010
23,0,1.7240,0.0070
28,0,1.7330,0.0090
15,0,1.7340,0.0010
191,0,1.7420,0.0080
414,0,1.7440,0.0020
451,0,1.7540,0.0100
414,0,1.7630,0.0090
451,0,1.8050,0.0420
451,0,1.8840,0.0790
414,0,1.8870,0.0030
451,0,1.9130,0.0260
451,0,1.9170,0.0040
451,0,1.9180,0.0010
451,0,1.9210,0.0030
14,0,1.9250,0.0040
415,0,1.9330,0.0080
14,0,1.9360,0.0030
67,0,1.9370,0.0010
35,0,1.9470,0.0100
35,0,1.9480,0.0010
35,0,1.9490,0.0010
24,0,1.9500,0.0010
7,0,1.9870,0.0370
246,0,1.9940,0.0070
246,0,1.9950,0.0010
33,0,2.0200,0.0250
18,0,2.0220,0.0020
18,0,2.0250,0.0030
18,0,2.0260,0.0010
18,0,2.0270,0.0010
15,0,2.0280,0.0010
18,0,2.0350,0.0070
18,0,2.0370,0.0020
18,0,2.0380,0.0010
23,0,2.0400,0.0020
15,0,2.0450,0.0050
15,0,2.0460,0.0010
18,0,2.0490,0.0030
23,0,2.0500,0.0010
23,0,2.0510,0.0010
15,0,2.0610,0.0100
7,0,2.0830,0.0220
18,0,2.0860,0.0030
18,0,2.0870,0.0010
18,0,2.0880,0.0010
33,0,2.2340,0.1460
140,0,2.2450,0.0110
33,0,2.2610,0.0160
18,0,2.2640,0.0030
50,0,2.2650,0.0010
18,0,2.2670,0.0020
23,0,2.2680,0.0010
15,0,2.2690,0.0010
18,0,2.2780,0.0090
23,0,2.2790,0.0010
15,0,2.2800,0.0010
18,0,2.2810,0.0010
18,0,2.2900,0.0090
18,0,2.2910,0.0010
50,0,2.2940,0.0030
18,0,2.3290,0.0350
23,0,2.3300,0.0010
61,0,2.5580,0.2280
355,0,2.5830,0.0250
72,0,2.5920,0.0090
201,0,2.5930,0.0010
435,0,2.5960,0.0030
144,0,2.6000,0.0040
442,0,2.6130,0.0130
24,0,2.6170,0.0040
355,0,2.6220,0.0050
442,0,2.6260,0.0040
355,0,2.6270,0.0010
355,0,2.6510,0.0240
430,0,2.6830,0.0320
85,0,2.6940,0.0110
74,0,2.7000,0.0060
40,0,2.7010,0.0010
15,0,2.7050,0.0040
18,0,2.7910,0.0860
18,0,2.7940,0.0030
51,0,2.8020,0.0080
74,0,2.8030,0.0010
40,0,2.8040,0.0010
35,0,2.8100,0.0060
35,0,2.8130,0.0030
35,0,2.8220,0.0090
35,0,2.8240,0.0020
35,0,2.8290,0.0050
7,0,2.8470,0.0180
7,0,2.8480,0.0010
35,0,2.8510,0.0030
35,0,2.8520,0.0010
7,0,2.8530,0.0010
37,0,2.8580,0.0050
55,0,2.8610,0.0030
49,0,2.8620,0.0010
15,0,2.8630,0.0010
4,0,2.8640,0.0010
76,0,2.8650,0.0010
414,0,2.8660,0.0010
14,0,2.8730,0.0070
80,0,2.8740,0.0010
85,0,2.8860,0.0120
72,0,2.8880,0.0020
7,0,2.8900,0.0020
28,0,2.8930,0.0030
15,0,2.8940,0.0010
37,0,2.8990,0.0050
61,0,2.9000,0.0010
51,0,2.9020,0.0020
49,0,2.9130,0.0110
80,0,2.9140,0.0010
15,0,2.9150,0.0010
4,0,2.9160,0.0010
191,0,2.9260,0.0100
14,0,2.9280,0.0020
80,0,2.9330,0.0050
64,0,2.9390,0.0060
4,0,2.9410,0.0020
15,0,2.9430,0.0020
54,0,2.9480,0.0050
24,0,2.9550,0.0070
22,0,2.9630,0.0080
23,0,2.9720,0.0090
15,0,2.9780,0.0060
72,0,2.9860,0.0080
18,0,3.0400,0.0540
18,0,3.0430,0.0030
18,0,3.0440,0.0010
23,0,3.0450,0.0010
15,0,3.0470,0.0020
18,0,3.0490,0.0020
15,0,3.0500,0.0010
18,0,3.0580,0.0080
18,0,3.0600,0.0020
33,0,3.0750,0.0150
88,0,3.0800,0.0050
347,0,3.0810,0.0010
347,0,3.0820,0.0010
36,0,3.0830,0.0010
296,0,3.0850,0.0020
33,0,3.0900,0.0050
33,0,3.0930,0.0030
33,0,3.0940,0.0010
33,0,3.0950,0.0010
33,0,3.0960,0.0010
33,0,3.0970,0.0010
33,0,3.1680,0.0710
33,0,3.1690,0.0010
15,0,3.1920,0.0230
15,0,3.1930,0.0010
22,0,3.1980,0.0050
18,0,3.2000,0.0020
22,0,3.2020,0.0020
22,0,3.2040,0.0020
18,0,3.2150,0.0110
54,0,3.2200,0.0050
25,0,3.2210,0.0010
25,0,3.2220,0.0010
451,0,3.2280,0.0060
451,0,3.2290,0.0010
451,0,3.2330,0.0040
22,0,3.2350,0.0020
23,0,3.2370,0.0020
15,0,3.2380,0.0010
24,0,3.2580,0.0200
72,0,3.2590,0.0010
60,0,3.2650,0.0060
33,0,3.4010,0.1360
121,0,3.4070,0.0060
137,0,3.4090,0.0020
24,0,3.4500,0.0410
140,0,3.4560,0.0060
140,0,3.4910,0.0350
140,0,3.6350,0.1440
80,0,3.6380,0.0030
140,0,3.6390,0.0010
140,0,3.6530,0.0140
140,0,3.6590,0.0060
430,0,3.6690,0.0100
37,0,3.6770,0.0080
55,0,3.6790,0.0020
61,0,3.6800,0.0010
49,0,3.6910,0.0110
15,0,3.6920,0.0010
414,0,3.6930,0.0010
451,0,3.7030,0.0100
451,0,3.7040,0.0010
14,0,3.7120,0.0080
80,0,3.7410,0.0290
51,0,3.7470,0.0060
24,0,3.7520,0.0050
72,0,3.7530,0.0010
7,0,3.7540,0.0010
15,0,3.7560,0.0020
15,0,3.7570,0.0010
51,0,3.7600,0.0030
72,0,3.7650,0.0050
15,0,15.8790,12.1140
15,0,15.8800,0.0010
51,0,15.8840,0.0040
15,0,28.0220,12.1380
7,5,33.6850,5.6630
14,5,33.6990,0.0140
430,5,33.7070,0.0080
430,5,33.7110,0.0040
144,5,33.7130,0.0020
72,5,33.7190,0.0060
415,5,33.7240,0.0050
15,5,33.7380,0.0140
24,6,33.7390,0.0010
14,6,33.7410,0.0020
448,6,33.7420,0.0010
67,6,33.7440,0.0020
430,5,33.7470,0.0030
467,6,33.7480,0.0010
415,5,33.7610,0.0130
467,5,33.7660,0.0050
15,0,40.1430,6.3770
35,0,40.1530,0.0100
73,0,40.1750,0.0220
7,0,40.1770,0.0020
8,0,40.1830,0.0060
73,0,40.1850,0.0020
18,0,40.1910,0.0060
35,0,40.1930,0.0020
73,0,40.2020,0.0090
44,0,40.2280,0.0260
15,0,40.2710,0.0430
15,0,40.2770,0.0060
15,0,40.2780,0.0010
15,0,40.2790,0.0010
15,0,40.2850,0.0060
15,0,40.2920,0.0070
15,0,40.3000,0.0080
15,0,40.3210,0.0210
15,0,40.3600,0.0390
