SysID,Thread ID,time,inetrval
14,0,0.0770,0.0770
35,0,0.1010,0.0240
35,0,0.1120,0.0110
35,0,0.2150,0.1030
80,0,0.2270,0.0120
80,0,0.2280,0.0010
35,0,0.2320,0.0040
80,0,0.2330,0.0010
35,0,0.2360,0.0030
35,0,0.2370,0.0010
18,0,0.2390,0.0020
18,0,0.2400,0.0010
23,0,0.2410,0.0010
33,0,0.2420,0.0010
18,0,0.2650,0.0230
35,0,0.3070,0.0420
18,0,0.3090,0.0020
15,0,0.3100,0.0010
18,0,0.3130,0.0030
15,0,0.3140,0.0010
37,0,0.3280,0.0140
353,0,0.3380,0.0100
172,0,0.3410,0.0030
204,0,0.3420,0.0010
415,0,0.3430,0.0010
195,0,0.3480,0.0050
201,0,0.3490,0.0010
144,0,0.3500,0.0010
195,0,0.3510,0.0010
415,0,0.3560,0.0050
415,0,0.3570,0.0010
80,0,0.3780,0.0210
55,0,0.4100,0.0320
40,0,0.4200,0.0100
49,0,0.4470,0.0270
80,0,0.4520,0.0050
80,0,0.4530,0.0010
80,0,0.4540,0.0010
80,0,0.4590,0.0050
80,0,0.4610,0.0020
346,0,0.4710,0.0100
80,0,0.5080,0.0370
367,0,0.5400,0.0320
15,0,0.5430,0.0030
67,2,0.5490,0.0060
1,2,0.5650,0.0160
467,2,0.5730,0.0080
367,2,0.5960,0.0230
67,3,0.6120,0.0160
35,2,0.6130,0.0010
1,3,0.6140,0.0010
24,0,0.6320,0.0180
464,3,0.6390,0.0070
35,2,0.6560,0.0170
35,2,0.6570,0.0010
35,2,0.6750,0.0180
35,2,0.6760,0.0010
35,2,0.6770,0.0010
24,0,0.6790,0.0020
35,2,0.6800,0.0010
35,2,0.6870,0.0070
18,0,0.6900,0.0030
23,0,0.6910,0.0010
24,0,0.6950,0.0040
35,2,0.6960,0.0010
35,2,0.6990,0.0030
35,2,0.7050,0.0060
80,2,0.7090,0.0040
112,0,0.7150,0.0060
55,0,0.7320,0.0170
367,3,0.7360,0.0040
67,4,0.7460,0.0100
24,0,0.7560,0.0100
464,4,0.7590,0.0030
464,2,0.7600,0.0010
355,3,0.7790,0.0190
355,3,0.7900,0.0110
112,0,0.7910,0.0010
18,3,0.8020,0.0110
23,3,0.8070,0.0050
112,4,0.8080,0.0010
1,4,0.8120,0.0040
24,4,0.8160,0.0040
28,2,0.8370,0.0210
24,3,0.8460,0.0090
467,4,0.8470,0.0010
367,4,0.8540,0.0070
112,3,0.8640,0.0100
464,4,0.8690,0.0050
464,2,0.8700,0.0010
55,0,0.8710,0.0010
24,3,0.8730,0.0020
55,0,0.8810,0.0080
112,3,0.8900,0.0090
112,2,0.9000,0.0100
40,0,0.9180,0.0180
61,3,0.9280,0.0100
61,4,0.9290,0.0010
49,0,0.9410,0.0120
51,3,0.9550,0.0140
51,3,0.9550,0.0140
51,4,0.9550,0.0010
74,4,0.9560,0.0010
74,2,0.9570,0.0010
40,4,0.9580,0.0010
464,4,0.9610,0.0030
464,3,0.9620,0.0010
112,2,0.9630,0.0010
49,2,0.9640,0.0010
112,4,0.9650,0.0010
80,2,0.9660,0.0010
80,0,0.9660,0.0010
80,0,0.9660,0.0010
80,4,0.9680,0.0020
112,4,0.9690,0.0010
80,3,0.9710,0.0020
80,0,0.9740,0.0030
80,2,0.9750,0.0010
80,3,0.9750,0.0010
55,4,0.9760,0.0010
80,2,0.9770,0.0010
49,4,0.9840,0.0070
24,2,0.9860,0.0020
80,4,0.9870,0.0010
80,4,0.9880,0.0010
80,4,0.9910,0.0030
80,4,0.9940,0.0030
15,3,0.9950,0.0010
80,4,0.9980,0.0030
61,3,1.0020,0.0040
80,4,1.0030,0.0010
112,3,1.0060,0.0030
55,2,1.0070,0.0010
74,3,1.0110,0.0040

74,3,1.0110,0.0040
464,4,1.0120,0.0010
464,2,1.0130,0.0010
112,3,1.0140,0.0010
49,2,1.0150,0.0010
80,0,1.0160,0.0010
80,2,1.0190,0.0030
80,0,1.0200,0.0010
112,4,1.0210,0.0010
40,4,1.0220,0.0010
61,3,1.0230,0.0010
49,4,1.0240,0.0010
112,2,1.0250,0.0010
80,4,1.0260,0.0010
40,3,1.0270,0.0010
49,3,1.0280,0.0010
80,3,1.0290,0.0010
15,4,1.0300,0.0010
35,4,1.0310,0.0010
35,2,1.0320,0.0010
35,0,1.0330,0.0010
15,3,1.0340,0.0010
35,2,1.0350,0.0010
35,0,1.0360,0.0010
35,3,1.0370,0.0010
35,4,1.0380,0.0010
35,0,1.0380,0.0010
35,0,1.0400,0.0020
35,2,1.0410,0.0010
35,3,1.0420,0.0010
35,3,1.0430,0.0010
467,4,1.0450,0.0020
467,4,1.0460,0.0010
35,2,1.0470,0.0010
14,2,1.0480,0.0010
467,2,1.0490,0.0010
76,0,1.0670,0.0180
76,0,1.0710,0.0040
76,0,1.0830,0.0120
76,0,1.0840,0.0010
414,0,1.0870,0.0030
414,0,1.0970,0.0100
24,0,1.1290,0.0320
30,0,1.1300,0.0010
24,0,1.1310,0.0010
24,0,1.1710,0.0400
73,0,1.1970,0.0260
73,0,1.2010,0.0040
24,0,1.2060,0.0050
24,0,1.2140,0.0080
24,0,1.2320,0.0180
18,0,1.2760,0.0440
23,0,1.2800,0.0040
23,0,1.2910,0.0110
24,0,1.3130,0.0220
35,0,1.3290,0.0160
414,0,1.3520,0.0230
72,0,1.3560,0.0040
72,0,1.3590,0.0030
288,0,1.3680,0.0090
22,0,1.3770,0.0090
288,0,1.3790,0.0020
22,0,1.3860,0.0070
281,0,1.3890,0.0030
281,0,1.3920,0.0030
191,0,1.3940,0.0020
451,0,1.4010,0.0070
451,0,1.4150,0.0140
414,0,1.4290,0.0140
35,0,1.4470,0.0180
35,0,1.4510,0.0040
35,0,1.4520,0.0010
35,0,1.4620,0.0100
35,0,1.4650,0.0030
35,0,1.4700,0.0050
35,0,1.4730,0.0030
73,0,1.4980,0.0250
73,0,1.4990,0.0010
35,0,1.5350,0.0360
24,0,1.5630,0.0280
414,0,1.5860,0.0230
414,0,1.5980,0.0120
191,0,1.6220,0.0240
414,0,1.6260,0.0040
414,0,1.6450,0.0190
414,0,1.6650,0.0200
191,0,1.6830,0.0180
22,0,1.6850,0.0020
23,0,1.6920,0.0070
28,0,1.7020,0.0100
15,0,1.7030,0.0010
191,0,1.7090,0.0060
414,0,1.7110,0.0020
451,0,1.7210,0.0100
414,0,1.7310,0.0100
451,0,1.7720,0.0410
451,0,1.7730,0.0010
451,0,1.8540,0.0810
451,0,1.8550,0.0010
414,0,1.8580,0.0030
451,0,1.8830,0.0250
451,0,1.8870,0.0040
451,0,1.8910,0.0040
451,0,1.8920,0.0010
14,0,1.8960,0.0040
415,0,1.9040,0.0080
14,0,1.9070,0.0030
448,0,1.9080,0.0010
35,0,1.9170,0.0090
35,0,1.9180,0.0010
35,0,1.9190,0.0010
7,0,1.9580,0.0390
246,0,1.9660,0.0080
246,0,1.9670,0.0010
33,0,1.9910,0.0240
18,0,1.9920,0.0010
18,0,1.9940,0.0020
18,0,1.9970,0.0030
18,0,1.9980,0.0010
18,0,1.9990,0.0010
18,0,2.0070,0.0080
18,0,2.0090,0.0020
18,0,2.0100,0.0010
23,0,2.0120,0.0020
15,0,2.0160,0.0040
18,0,2.0190,0.0030
18,0,2.0200,0.0010
23,0,2.0220,0.0020
15,0,2.0330,0.0110
7,0,2.0530,0.0200
18,0,2.0580,0.0050
18,0,2.0590,0.0010
18,0,2.0600,0.0010
33,0,2.2010,0.1410
140,0,2.2120,0.0110
33,0,2.2290,0.0170
18,0,2.2310,0.0020
15,0,2.2320,0.0010
18,0,2.2340,0.0020
23,0,2.2360,0.0020
15,0,2.2370,0.0010
18,0,2.2450,0.0080
15,0,2.2460,0.0010
18,0,2.2470,0.0010
18,0,2.2570,0.0100
23,0,2.2580,0.0010
50,0,2.2630,0.0050
18,0,2.2980,0.0350
23,0,2.2990,0.0010
24,0,2.5130,0.2140
61,0,2.5300,0.0170
61,0,2.5330,0.0030
61,0,2.5440,0.0110
80,0,2.5550,0.0110
24,0,2.5770,0.0220
18,0,2.5940,0.0170
18,0,2.5960,0.0020
18,0,2.5980,0.0020
200,0,2.6000,0.0020
18,0,2.6090,0.0090
296,0,2.6140,0.0050
33,0,2.6150,0.0010
18,0,2.6180,0.0030
18,0,2.6190,0.0010
23,0,2.6200,0.0010
15,0,2.6210,0.0010
33,0,2.6220,0.0010
18,0,2.6270,0.0050
15,0,2.6290,0.0020
451,0,2.6350,0.0060
33,0,2.6940,0.0590
18,0,2.6960,0.0020
23,0,2.6980,0.0020
15,0,2.7010,0.0030
33,0,2.7050,0.0040
18,0,2.7100,0.0050
18,0,2.7110,0.0010
23,0,2.7120,0.0010
15,0,2.7130,0.0010
76,0,2.7170,0.0040
25,0,2.7380,0.0210
18,0,2.7400,0.0020
23,0,2.7420,0.0020
73,0,2.7440,0.0020
140,0,2.7740,0.0300
339,0,2.7940,0.0200
24,0,2.8110,0.0170
58,0,2.8120,0.0010
58,0,2.8130,0.0010
82,0,2.8150,0.0020
15,0,2.8200,0.0050
15,0,2.8210,0.0010
28,0,2.8300,0.0090
15,0,2.8310,0.0010
4,0,2.8320,0.0010
25,0,2.8340,0.0020
15,0,2.8360,0.0020
44,0,2.8690,0.0330
15,0,2.9120,0.0430
15,0,2.9210,0.0090
15,0,2.9450,0.0240
