SysID,Thread ID,time,inetrval
14,0,0.0770,0.0770
35,0,0.1000,0.0230
35,0,0.1100,0.0100
35,0,0.2150,0.1050
80,0,0.2330,0.0180
80,0,0.2340,0.0010
35,0,0.2380,0.0040
35,0,0.2420,0.0040
18,0,0.2450,0.0030
18,0,0.2460,0.0010
15,0,0.2470,0.0010
33,0,0.2480,0.0010
18,0,0.2700,0.0220
35,0,0.3120,0.0420
18,0,0.3140,0.0020
23,0,0.3150,0.0010
18,0,0.3180,0.0030
15,0,0.3190,0.0010
37,0,0.3330,0.0140
353,0,0.3430,0.0100
172,0,0.3450,0.0020
204,0,0.3470,0.0020
415,0,0.3480,0.0010
195,0,0.3530,0.0050
201,0,0.3540,0.0010
144,0,0.3550,0.0010
195,0,0.3560,0.0010
415,0,0.3600,0.0040
415,0,0.3610,0.0010
80,0,0.3870,0.0260
55,0,0.4190,0.0320
40,0,0.4290,0.0100
49,0,0.4560,0.0270
80,0,0.4610,0.0050
80,0,0.4620,0.0010
80,0,0.4630,0.0010
80,0,0.4670,0.0040
80,0,0.4700,0.0030
346,0,0.4790,0.0090
346,0,0.4800,0.0010
80,0,0.5150,0.0350
367,0,0.5440,0.0290
15,0,0.5470,0.0030
67,2,0.5580,0.0110
55,0,0.5600,0.0020
1,2,0.5690,0.0090
55,0,0.5750,0.0060
55,0,0.5780,0.0030
467,2,0.5790,0.0010
367,2,0.5980,0.0190
24,0,0.6030,0.0050
55,0,0.6410,0.0380
467,3,0.6450,0.0040
35,2,0.6460,0.0010
355,3,0.6700,0.0240
355,3,0.6790,0.0090
1,4,0.6810,0.0020
18,3,0.6910,0.0100
24,4,0.6920,0.0010
23,3,0.6930,0.0010
35,2,0.6960,0.0030
464,0,0.7040,0.0080
35,2,0.7190,0.0150
112,4,0.7290,0.0100
24,3,0.7380,0.0090
467,4,0.7420,0.0040
35,2,0.7450,0.0030
464,0,0.7460,0.0010
464,4,0.7490,0.0030
35,2,0.7520,0.0030
35,2,0.7560,0.0040
464,3,0.7580,0.0020
35,2,0.7590,0.0010
35,2,0.7600,0.0010
24,0,0.7620,0.0020
35,2,0.7680,0.0060
18,0,0.7730,0.0050
23,0,0.7740,0.0010
35,2,0.7750,0.0010
24,0,0.7790,0.0040
24,0,0.7800,0.0010
464,2,0.7970,0.0170
112,0,0.7990,0.0020
55,0,0.8010,0.0020
24,3,0.8040,0.0030
112,3,0.8060,0.0020
112,2,0.8110,0.0050
464,0,0.8130,0.0020
112,3,0.8140,0.0010
112,3,0.8270,0.0130
464,0,0.8390,0.0120
28,2,0.8410,0.0020
112,3,0.8420,0.0010
112,0,0.8580,0.0160
40,0,0.8850,0.0270
112,4,0.8890,0.0040
49,0,0.8980,0.0090
112,3,0.8990,0.0010
61,3,0.9280,0.0290
464,2,0.9290,0.0010
464,3,0.9340,0.0050
112,4,0.9350,0.0010
112,4,0.9360,0.0010
61,2,0.9370,0.0010
80,0,0.9380,0.0010
61,4,0.9440,0.0060
80,0,0.9450,0.0010
464,4,0.9550,0.0100
51,2,0.9620,0.0070
74,2,0.9630,0.0010
51,4,0.9640,0.0010
40,2,0.9650,0.0010
80,0,0.9690,0.0040
40,4,0.9700,0.0010

40,4,0.9700,0.0010
112,0,0.9710,0.0010
40,3,0.9830,0.0120
49,4,0.9840,0.0010
49,3,0.9870,0.0030
49,2,0.9880,0.0010
80,3,0.9880,0.0010
80,4,0.9890,0.0010
80,2,0.9900,0.0010
80,2,0.9930,0.0030
49,0,0.9950,0.0020
112,4,0.9970,0.0020
80,2,0.9980,0.0010
464,4,0.9990,0.0010
80,3,1.0000,0.0010
80,4,1.0070,0.0070
80,4,1.0070,0.0070
464,3,1.0080,0.0010
49,2,1.0090,0.0010
80,0,1.0130,0.0040
112,3,1.0140,0.0010
80,0,1.0170,0.0030
15,3,1.0180,0.0010
112,4,1.0190,0.0010
40,0,1.0200,0.0010
61,3,1.0220,0.0020
49,0,1.0250,0.0030
464,3,1.0260,0.0010
112,4,1.0280,0.0020
80,0,1.0290,0.0010
40,3,1.0330,0.0040
15,4,1.0340,0.0010
15,4,1.0360,0.0020

15,2,1.0360,0.0020
15,2,1.0360,0.0020
112,3,1.0370,0.0010
51,2,1.0380,0.0010
80,0,1.0380,0.0010
49,2,1.0400,0.0020
112,4,1.0420,0.0020
112,4,1.0420,0.0020
80,4,1.0430,0.0010
80,2,1.0440,0.0010
112,3,1.0450,0.0010
464,0,1.0460,0.0010
112,4,1.0470,0.0010
35,3,1.0480,0.0010
35,3,1.0490,0.0010
35,0,1.0500,0.0010
35,4,1.0510,0.0010
35,0,1.0510,0.0010
35,4,1.0520,0.0010
35,2,1.0530,0.0010
35,2,1.0540,0.0010
35,3,1.0540,0.0010335,2,1.0540,0.0010
35,0,1.0550,0.0010
35,0,1.0570,0.0020
35,2,1.0580,0.0010
35,2,1.0580,0.0010
35,4,1.0590,0.0010
35,4,1.0600,0.0010
35,4,1.0650,0.0050
35,0,1.0650,0.0050
467,3,1.0670,0.0020
467,2,1.0680,0.0010
35,4,1.0690,0.0010
35,4,1.0700,0.0010
467,4,1.0760,0.0060
76,0,1.0880,0.0120
76,0,1.0920,0.0040
76,0,1.1040,0.0120
76,0,1.1050,0.0010
414,0,1.1080,0.0030
14,0,1.1090,0.0010
414,0,1.1180,0.0090
24,0,1.1480,0.0300
30,0,1.1490,0.0010
24,0,1.1510,0.0020
24,0,1.1860,0.0350
73,0,1.2130,0.0270
73,0,1.2160,0.0030
24,0,1.2200,0.0040
24,0,1.2290,0.0090
24,0,1.2450,0.0160
18,0,1.2880,0.0430
23,0,1.2910,0.0030
23,0,1.3020,0.0110
24,0,1.3230,0.0210
35,0,1.3390,0.0160
414,0,1.3610,0.0220
72,0,1.3640,0.0030
72,0,1.3670,0.0030
288,0,1.3760,0.0090
22,0,1.3850,0.0090
288,0,1.3870,0.0020
22,0,1.3940,0.0070
281,0,1.3960,0.0020
281,0,1.3990,0.0030
191,0,1.4010,0.0020
451,0,1.4080,0.0070
451,0,1.4220,0.0140
414,0,1.4350,0.0130
35,0,1.4530,0.0180
35,0,1.4570,0.0040
35,0,1.4580,0.0010
35,0,1.4660,0.0080
35,0,1.4690,0.0030
35,0,1.4750,0.0060
35,0,1.4780,0.0030
73,0,1.5010,0.0230
73,0,1.5020,0.0010
35,0,1.5370,0.0350
24,0,1.5620,0.0250
414,0,1.5870,0.0250
414,0,1.5980,0.0110
191,0,1.6220,0.0240
414,0,1.6260,0.0040
414,0,1.6440,0.0180
414,0,1.6630,0.0190
191,0,1.6810,0.0180
22,0,1.6820,0.0010
23,0,1.6880,0.0060
28,0,1.6970,0.0090
15,0,1.6980,0.0010
191,0,1.7050,0.0070
414,0,1.7070,0.0020
451,0,1.7170,0.0100
414,0,1.7260,0.0090
451,0,1.7660,0.0400
451,0,1.7670,0.0010
451,0,1.8460,0.0790
414,0,1.8490,0.0030
451,0,1.8730,0.0240
451,0,1.8780,0.0050
451,0,1.8810,0.0030
451,0,1.8820,0.0010
14,0,1.8850,0.0030
415,0,1.8940,0.0090
14,0,1.8970,0.0030
67,0,1.8980,0.0010
35,0,1.9070,0.0090
35,0,1.9080,0.0010
35,0,1.9090,0.0010
7,0,1.9450,0.0360
246,0,1.9530,0.0080
246,0,1.9540,0.0010
33,0,1.9770,0.0230
18,0,1.9780,0.0010
18,0,1.9800,0.0020
18,0,1.9840,0.0040
33,0,1.9850,0.0010
18,0,1.9860,0.0010
18,0,1.9870,0.0010
15,0,1.9880,0.0010
18,0,1.9960,0.0080
33,0,1.9970,0.0010
18,0,1.9980,0.0010
18,0,1.9990,0.0010
23,0,2.0010,0.0020
15,0,2.0050,0.0040
18,0,2.0090,0.0040
23,0,2.0110,0.0020
15,0,2.0210,0.0100
7,0,2.0410,0.0200
18,0,2.0450,0.0040
18,0,2.0470,0.0020
33,0,2.1850,0.1380
140,0,2.1950,0.0100
33,0,2.2110,0.0160
18,0,2.2140,0.0030
50,0,2.2150,0.0010
18,0,2.2170,0.0020
23,0,2.2180,0.0010
15,0,2.2190,0.0010
18,0,2.2270,0.0080
15,0,2.2280,0.0010
18,0,2.2290,0.0010
18,0,2.2390,0.0100
50,0,2.2420,0.0030
18,0,2.2760,0.0340
23,0,2.2770,0.0010
24,0,2.4850,0.2080
61,0,2.5010,0.0160
61,0,2.5040,0.0030
61,0,2.5150,0.0110
80,0,2.5260,0.0110
24,0,2.5480,0.0220
18,0,2.5660,0.0180
18,0,2.5680,0.0020
18,0,2.5700,0.0020
200,0,2.5720,0.0020
18,0,2.5830,0.0110
296,0,2.5880,0.0050
33,0,2.5890,0.0010
18,0,2.5930,0.0040
23,0,2.5940,0.0010
15,0,2.5950,0.0010
33,0,2.5960,0.0010
18,0,2.6000,0.0040
15,0,2.6010,0.0010
451,0,2.6080,0.0070
33,0,2.6640,0.0560
18,0,2.6660,0.0020
23,0,2.6670,0.0010
15,0,2.6710,0.0040
33,0,2.6750,0.0040
18,0,2.6790,0.0040
18,0,2.6800,0.0010
23,0,2.6820,0.0020
76,0,2.6860,0.0040
25,0,2.7020,0.0160
18,0,2.7040,0.0020
23,0,2.7050,0.0010
15,0,2.7060,0.0010
73,0,2.7080,0.0020
140,0,2.7380,0.0300
339,0,2.7570,0.0190
24,0,2.7740,0.0170
58,0,2.7750,0.0010
58,0,2.7760,0.0010
82,0,2.7780,0.0020
15,0,2.7820,0.0040
15,0,2.7830,0.0010
28,0,2.7910,0.0080
15,0,2.7920,0.0010
4,0,2.7930,0.0010
25,0,2.7950,0.0020
15,0,2.7970,0.0020
44,0,2.8260,0.0290
15,0,2.8660,0.0400
15,0,2.8750,0.0090
15,0,2.8970,0.0220
