SysID,Thread ID,time,inetrval
14,0,0.0790,0.0790
35,0,0.1020,0.0230
35,0,0.1130,0.0110
35,0,0.2240,0.1110
80,0,0.2360,0.0120
80,0,0.2370,0.0010
35,0,0.2410,0.0040
80,0,0.2420,0.0010
35,0,0.2450,0.0030
80,0,0.2460,0.0010
18,0,0.2480,0.0020
18,0,0.2490,0.0010
15,0,0.2500,0.0010
33,0,0.2510,0.0010
18,0,0.2740,0.0230
35,0,0.3160,0.0420
18,0,0.3180,0.0020
15,0,0.3190,0.0010
18,0,0.3220,0.0030
15,0,0.3230,0.0010
37,0,0.3360,0.0130
353,0,0.3460,0.0100
172,0,0.3490,0.0030
204,0,0.3500,0.0010
415,0,0.3510,0.0010
195,0,0.3560,0.0050
201,0,0.3570,0.0010
144,0,0.3580,0.0010
195,0,0.3590,0.0010
415,0,0.3630,0.0040
415,0,0.3640,0.0010
80,0,0.3850,0.0210
55,0,0.4160,0.0310
40,0,0.4260,0.0100
49,0,0.4520,0.0260
80,0,0.4580,0.0060
80,0,0.4590,0.0010
80,0,0.4690,0.0100
80,0,0.4730,0.0040
80,0,0.4760,0.0030
346,0,0.4860,0.0100
80,0,0.5220,0.0360
367,0,0.5510,0.0290
15,0,0.5530,0.0020
55,0,0.5590,0.0060
67,2,0.5650,0.0060
55,0,0.5750,0.0100
55,0,0.5770,0.0020
40,0,0.5820,0.0050
467,2,0.5900,0.0080
367,2,0.6090,0.0190
49,0,0.6160,0.0070
67,3,0.6300,0.0140
80,0,0.6340,0.0040
35,2,0.6350,0.0010
24,3,0.6450,0.0100
80,0,0.6470,0.0020
35,2,0.6640,0.0170
35,2,0.6640,0.0170
80,0,0.6740,0.0100
80,0,0.6740,0.0100
80,0,0.6750,0.0010
80,0,0.6770,0.0020
24,3,0.6780,0.0010
35,2,0.6840,0.0060
35,2,0.6860,0.0020
80,0,0.6940,0.0080
18,3,0.6980,0.0040
35,2,0.7000,0.0020
464,0,0.7070,0.0070
35,2,0.7080,0.0010
24,3,0.7120,0.0040
24,3,0.7130,0.0010
35,2,0.7150,0.0020
35,2,0.7210,0.0060
35,2,0.7240,0.0030
35,2,0.7250,0.0010
112,3,0.7280,0.0030
1,3,0.7290,0.0010
35,2,0.7370,0.0080
80,2,0.7380,0.0010
112,0,0.7390,0.0010
467,3,0.7430,0.0040
367,3,0.7470,0.0040
67,4,0.7510,0.0040
355,3,0.7780,0.0270
28,2,0.7800,0.0020
355,3,0.8040,0.0240
49,0,0.8110,0.0070
80,0,0.8190,0.0080
80,0,0.8300,0.0110
18,3,0.8310,0.0010
80,0,0.8340,0.0030
464,2,0.8360,0.0020
80,0,0.8370,0.0010
80,0,0.8510,0.0140

80,0,0.8510,0.0140
112,4,0.8520,0.0010
24,3,0.8540,0.0020
112,4,0.8610,0.0070
24,3,0.8650,0.0040
112,3,0.8730,0.0080
467,4,0.8890,0.0160
15,0,0.8900,0.0010
367,4,0.8910,0.0010
112,3,0.8920,0.0010
112,3,0.9010,0.0090
35,4,0.9070,0.0060
35,4,0.9250,0.0180
61,2,0.9340,0.0090
55,0,0.9350,0.0010
35,4,0.9350,0.0010
35,4,0.9380,0.0030
35,4,0.9400,0.0020
464,2,0.9460,0.0060
35,4,0.9470,0.0010
51,2,0.9530,0.0060
51,3,0.9540,0.0010
55,0,0.9550,0.0010
74,2,0.9560,0.0010
464,0,0.9570,0.0010
40,2,0.9580,0.0010
464,2,0.9720,0.0140
35,4,0.9740,0.0020
112,3,0.9810,0.0070
35,4,0.9820,0.0010
49,0,0.9850,0.0030
80,3,0.9860,0.0010
80,3,0.9860,0.0010
80,3,0.9880,0.0020
112,3,0.9890,0.0010112,3,0.9890,0.0010
35,4,0.9900,0.0010
80,0,0.9920,0.0020
35,4,0.9930,0.0010
80,0,0.9950,0.0020
112,2,0.9960,0.0010
35,4,0.9970,0.0010
55,2,1.0010,0.0040
112,0,1.0020,0.0010
35,4,1.0090,0.0070
35,4,1.0120,0.0030
464,3,1.0140,0.0020
112,0,1.0150,0.0010
49,3,1.0160,0.0010
35,4,1.0180,0.0020
35,4,1.0210,0.0030
35,4,1.0220,0.0010
35,2,1.0230,0.0010
35,2,1.0240,0.0010
35,4,1.0240,0.0010
35,4,1.0250,0.0010
35,3,1.0260,0.0010
35,4,1.0270,0.0010
35,2,1.0270,0.0010
35,2,1.0280,0.0010
35,4,1.0320,0.0040
49,0,1.0320,0.0040
35,3,1.0330,0.0010
35,4,1.0340,0.0010
35,2,1.0390,0.0050
35,2,1.0400,0.0010
35,2,1.0410,0.0010
467,4,1.0420,0.0010
15,0,1.0440,0.0020
24,0,1.0460,0.0020
35,3,1.0480,0.0020
35,3,1.0500,0.0020
35,3,1.0510,0.0010
49,0,1.0580,0.0070
35,3,1.0600,0.0020
80,0,1.0610,0.0010
80,0,1.0620,0.0010
80,0,1.0620,0.0010
14,3,1.0640,0.0020
467,3,1.0650,0.0010
49,0,1.0690,0.0040
49,0,1.0750,0.0060
80,0,1.0760,0.0010
367,0,1.0860,0.0100
35,3,1.0890,0.0030
35,3,1.0900,0.0010
15,0,1.0910,0.0010
35,0,1.0920,0.0010
35,3,1.0920,0.0010
35,3,1.0960,0.0040
55,0,1.0980,0.0020
61,4,1.0990,0.0010
35,3,1.0990,0.0010
35,3,1.0990,0.0010
4,0,1.1000,0.0010
4,0,1.1010,0.0010
49,4,1.1020,0.0010
49,4,1.1020,0.0010
367,4,1.1030,0.0010
35,3,1.1040,0.0010
35,4,1.1050,0.0010
35,4,1.1060,0.0010
35,4,1.1060,0.0010
76,0,1.1400,0.0340
76,0,1.1430,0.0030
76,0,1.1440,0.0010
76,0,1.1560,0.0120
76,0,1.1570,0.0010
76,0,1.1620,0.0050
414,0,1.1650,0.0030
414,0,1.1740,0.0090
24,0,1.2060,0.0320
24,0,1.2070,0.0010
73,0,1.2690,0.0620
73,0,1.2730,0.0040
24,0,1.2780,0.0050
24,0,1.2870,0.0090
24,0,1.3030,0.0160
18,0,1.3460,0.0430
23,0,1.3490,0.0030
23,0,1.3600,0.0110
24,0,1.3810,0.0210
35,0,1.3970,0.0160
414,0,1.4190,0.0220
414,0,1.4320,0.0130
451,0,1.4550,0.0230
451,0,1.4750,0.0200
451,0,1.4770,0.0020
451,0,1.4910,0.0140
414,0,1.4930,0.0020
414,0,1.5030,0.0100
35,0,1.5210,0.0180
35,0,1.5250,0.0040
35,0,1.5260,0.0010
35,0,1.5350,0.0090
35,0,1.5380,0.0030
35,0,1.5430,0.0050
35,0,1.5460,0.0030
73,0,1.5700,0.0240
73,0,1.5710,0.0010
35,0,1.6050,0.0340
24,0,1.6300,0.0250
24,0,1.6380,0.0080
414,0,1.6580,0.0200
451,0,1.6820,0.0240
451,0,1.6830,0.0010
288,0,1.6960,0.0130
22,0,1.7070,0.0110
288,0,1.7080,0.0010
23,0,1.7220,0.0140
28,0,1.7330,0.0110
15,0,1.7340,0.0010
451,0,1.7440,0.0100
414,0,1.7480,0.0040
414,0,1.7660,0.0180
451,0,1.8020,0.0360
451,0,1.8780,0.0760
414,0,1.8810,0.0030
451,0,1.9050,0.0240
451,0,1.9090,0.0040
451,0,1.9100,0.0010
451,0,1.9130,0.0030
414,0,1.9150,0.0020
35,0,1.9530,0.0380
35,0,1.9550,0.0020
35,0,1.9570,0.0020
35,0,1.9580,0.0010
35,0,1.9600,0.0020
35,0,1.9610,0.0010
35,0,1.9630,0.0020
35,0,1.9640,0.0010
35,0,1.9660,0.0020
35,0,1.9680,0.0020
414,0,2.1850,0.2170
414,0,2.2140,0.0290
25,0,2.2170,0.0030
35,0,2.2260,0.0090
414,0,2.2270,0.0010
54,0,2.2430,0.0160
80,0,2.2450,0.0020
80,0,2.2460,0.0010
140,0,2.2760,0.0300
61,0,2.2950,0.0190
51,0,2.2960,0.0010
74,0,2.2970,0.0010
40,0,2.3030,0.0060
42,0,2.3050,0.0020
15,0,2.3060,0.0010
346,0,2.3120,0.0060
37,0,2.3150,0.0030
55,0,2.3200,0.0050
49,0,2.3210,0.0010
80,0,2.3220,0.0010
35,0,2.3230,0.0010
76,0,2.3260,0.0030
414,0,2.3270,0.0010
54,0,2.3310,0.0040
25,0,2.3320,0.0010
35,0,2.3340,0.0020
35,0,2.3350,0.0010
35,0,2.3360,0.0010
35,0,2.3370,0.0010
35,0,2.3380,0.0010
35,0,2.3390,0.0010
35,0,2.3400,0.0010
35,0,2.3410,0.0010
35,0,2.3420,0.0010
35,0,2.3430,0.0010
35,0,2.3440,0.0010
35,0,2.3450,0.0010
35,0,2.3460,0.0010
35,0,2.3470,0.0010
35,0,2.3480,0.0010
35,0,2.3490,0.0010
35,0,2.3500,0.0010
35,0,2.3510,0.0010
35,0,2.3520,0.0010
35,0,2.3530,0.0010
35,0,2.3540,0.0010
35,0,2.3550,0.0010
35,0,2.3560,0.0010
35,0,2.3570,0.0010
35,0,2.3580,0.0010
35,0,2.3590,0.0010
35,0,2.3600,0.0010
35,0,2.3610,0.0010
35,0,2.3620,0.0010
35,0,2.3630,0.0010
35,0,2.3640,0.0010
35,0,2.3650,0.0010
35,0,2.3660,0.0010
35,0,2.3670,0.0010
35,0,2.3680,0.0010
35,0,2.3690,0.0010
35,0,2.3700,0.0010
35,0,2.3710,0.0010
35,0,2.3720,0.0010
35,0,2.3730,0.0010
35,0,2.3740,0.0010
35,0,2.3750,0.0010
35,0,2.3760,0.0010
35,0,2.3770,0.0010
25,0,2.3870,0.0100
18,0,2.3890,0.0020
451,0,2.3920,0.0030
451,0,2.3930,0.0010
451,0,2.3940,0.0010
451,0,2.3950,0.0010
18,0,2.4010,0.0060
18,0,2.4020,0.0010
18,0,2.4060,0.0040
18,0,2.4220,0.0160
18,0,2.4240,0.0020
18,0,2.4270,0.0030
18,0,2.4290,0.0020
18,0,2.4340,0.0050
23,0,2.4350,0.0010
15,0,2.4360,0.0010
18,0,2.4370,0.0010
23,0,2.4380,0.0010
15,0,2.4390,0.0010
4834,0,2.4400,0.0010
37,0,2.4450,0.0050
35,0,2.4480,0.0030
80,0,2.4500,0.0020
246,0,2.5110,0.0610
246,0,2.5120,0.0010
33,0,2.5360,0.0240
18,0,2.5380,0.0020
18,0,2.5410,0.0030
33,0,2.5420,0.0010
18,0,2.5430,0.0010
15,0,2.5440,0.0010
18,0,2.5510,0.0070
18,0,2.5530,0.0020
18,0,2.5540,0.0010
23,0,2.5560,0.0020
15,0,2.5600,0.0040
18,0,2.5630,0.0030
18,0,2.5640,0.0010
23,0,2.5660,0.0020
15,0,2.5760,0.0100
18,0,2.6990,0.1230
18,0,2.7030,0.0040
51,0,2.7140,0.0110
74,0,2.7240,0.0100
40,0,2.7250,0.0010
35,0,2.7310,0.0060
35,0,2.7350,0.0040
35,0,2.7440,0.0090
451,0,2.7490,0.0050
451,0,2.7500,0.0010
35,0,2.7550,0.0050
35,0,2.7800,0.0250
4101,0,2.7840,0.0040
37,0,2.7880,0.0040
4224,0,2.7920,0.0040
5169,0,2.7930,0.0010
296,0,2.7960,0.0030
66,0,2.7980,0.0020
0,0,2.8180,0.0200
28,0,2.8230,0.0050
15,0,2.8240,0.0010
15,0,2.8250,0.0010
25,0,2.8280,0.0030
22,0,2.8320,0.0040
23,0,2.8390,0.0070
15,0,2.8430,0.0040
5,0,2.8440,0.0010
18,0,2.8480,0.0040
414,0,2.8580,0.0100
451,0,2.8610,0.0030
14,0,2.8640,0.0030
415,0,2.8730,0.0090
14,0,2.8760,0.0030
448,0,2.8770,0.0010
35,0,2.8860,0.0090
35,0,2.8870,0.0010
35,0,2.8880,0.0010
7,0,2.9240,0.0360
33,0,2.9680,0.0440
140,0,2.9760,0.0080
33,0,2.9900,0.0140
18,0,2.9930,0.0030
15,0,2.9940,0.0010
18,0,2.9960,0.0020
23,0,2.9970,0.0010
15,0,2.9980,0.0010
18,0,3.0060,0.0080
23,0,3.0070,0.0010
15,0,3.0080,0.0010
18,0,3.0090,0.0010
18,0,3.0180,0.0090
18,0,3.0190,0.0010
50,0,3.0210,0.0020
15,0,3.0220,0.0010
18,0,3.0550,0.0330
23,0,3.0570,0.0020
7,0,3.2190,0.1620
80,0,3.2640,0.0450
22,0,3.2740,0.0100
23,0,3.2760,0.0020
23,0,3.2780,0.0020
23,0,3.2870,0.0090
23,0,3.2880,0.0010
15,0,3.2900,0.0020
22,0,3.2910,0.0010
23,0,3.2930,0.0020
23,0,3.2950,0.0020
23,0,3.2980,0.0030
37,0,3.3210,0.0230
61,0,3.3230,0.0020
51,0,3.3240,0.0010
49,0,3.3250,0.0010
80,0,3.3260,0.0010
49,0,3.3270,0.0010
80,0,3.3280,0.0010
80,2,3.3290,0.0010
467,2,3.3300,0.0010
76,0,3.3320,0.0020
451,0,3.3380,0.0060
24,0,3.3390,0.0010
451,0,3.3400,0.0010
25,0,3.3410,0.0010
25,0,3.3420,0.0010
451,0,3.3460,0.0040
191,0,3.3520,0.0060
191,0,3.3530,0.0010
72,0,3.3580,0.0050
51,0,3.3700,0.0120
7,0,3.3720,0.0020
414,0,3.3780,0.0060
451,0,3.3840,0.0060
451,0,3.3900,0.0060
14,0,3.3910,0.0010
22,0,3.4010,0.0100
408,0,3.4020,0.0010
23,0,3.4040,0.0020
23,0,3.4060,0.0020
23,0,3.4080,0.0020
15,0,3.4090,0.0010
36,0,3.4110,0.0020
296,0,3.4130,0.0020
33,0,3.4140,0.0010
22,0,3.4160,0.0020
23,0,3.4170,0.0010
23,0,3.4200,0.0030
15,0,3.4280,0.0080
22,0,3.4350,0.0070
18,0,3.4370,0.0020
22,0,3.4390,0.0020
22,0,3.4410,0.0020
18,0,3.4510,0.0100
23,0,3.4750,0.0240
355,0,3.5040,0.0290
72,0,3.5130,0.0090
201,0,3.5150,0.0020
435,0,3.5170,0.0020
144,0,3.5210,0.0040
442,0,3.5330,0.0120
355,0,3.5420,0.0090
442,0,3.5460,0.0040
355,0,3.5470,0.0010
355,0,3.5670,0.0200
430,0,3.5960,0.0290
85,0,3.6070,0.0110
74,0,3.6150,0.0080
40,0,3.6190,0.0040
15,0,3.6200,0.0010
18,0,3.6260,0.0060
36,0,3.6590,0.0330
296,0,3.6600,0.0010
33,0,3.6610,0.0010
15,0,3.6650,0.0040
37,0,3.6700,0.0050
61,0,3.6710,0.0010
49,0,3.6720,0.0010
15,0,3.6730,0.0010
51,0,3.6760,0.0030
14,0,3.6790,0.0030
80,0,3.6800,0.0010
37,0,3.6830,0.0030
49,0,3.6840,0.0010
367,0,3.6850,0.0010
25,0,3.6860,0.0010
25,0,3.6870,0.0010
451,0,3.6990,0.0120
451,0,3.7010,0.0020
451,0,3.7020,0.0010
18,0,3.7080,0.0060
15,0,3.7090,0.0010
18,0,3.7140,0.0050
18,0,3.7170,0.0030
23,0,3.7190,0.0020
15,0,3.7200,0.0010
18,0,3.7230,0.0030
51,0,3.7270,0.0040
7,0,3.7300,0.0030
14,0,3.7740,0.0440
15,0,3.7950,0.0210
80,0,3.8260,0.0310
80,0,3.8270,0.0010
54,0,3.8510,0.0240
22,0,3.8620,0.0110
23,0,3.8660,0.0040
15,0,3.8690,0.0030
24,0,3.8730,0.0040
72,0,3.8770,0.0040
18,0,3.9280,0.0510
18,0,3.9290,0.0010
18,0,3.9310,0.0020
23,0,3.9320,0.0010
15,0,3.9340,0.0020
18,0,3.9360,0.0020
18,0,3.9370,0.0010
18,0,3.9420,0.0050
33,0,3.9510,0.0090
88,0,3.9560,0.0050
347,0,3.9570,0.0010
347,0,3.9580,0.0010
296,0,3.9600,0.0020
33,0,3.9640,0.0040
33,0,3.9670,0.0030
33,0,3.9680,0.0010
33,0,3.9690,0.0010
33,0,3.9700,0.0010
33,0,3.9710,0.0010
33,0,4.0390,0.0680
33,0,4.0400,0.0010
15,0,4.0600,0.0200
22,0,4.0660,0.0060
54,0,4.0680,0.0020
25,0,4.0690,0.0010
451,0,4.0750,0.0060
451,0,4.0790,0.0040
22,0,4.0810,0.0020
23,0,4.0820,0.0010
15,0,4.0840,0.0020
72,0,4.0870,0.0030
60,0,4.0940,0.0070
24,0,4.1460,0.0520
33,0,4.1760,0.0300
121,0,4.1830,0.0070
137,0,4.1840,0.0010
24,0,4.2290,0.0450
140,0,4.2360,0.0070
140,0,4.3390,0.1030
140,0,4.4380,0.0990
80,0,4.5080,0.0700
80,0,4.5090,0.0010
140,0,4.5170,0.0080
430,0,4.5280,0.0110
140,0,4.5560,0.0280
140,0,4.5570,0.0010
24,0,4.5600,0.0030
35,0,4.5670,0.0070
35,0,4.5690,0.0020
7,0,4.5740,0.0050
8,0,4.5810,0.0070
7,0,4.5920,0.0110
7,0,4.5950,0.0030
7,0,4.5960,0.0010
35,0,4.6030,0.0070
44,0,4.6230,0.0200
15,0,4.6600,0.0370
15,0,4.6660,0.0060
15,0,4.6690,0.0030
15,0,4.6720,0.0030
15,0,4.6760,0.0040
15,0,4.6830,0.0070
15,0,4.6860,0.0030
15,0,4.6870,0.0010
15,0,4.6890,0.0020
15,0,4.7110,0.0220
15,0,4.7120,0.0010
18,0,4.7140,0.0020
13,0,4.7210,0.0070
15,0,4.8010,0.0800
15,0,4.8130,0.0120
15,0,4.8460,0.0330
15,0,4.8480,0.0020
15,0,4.8610,0.0130
