SysID,Thread ID,time,inetrval
14,0,0.0760,0.0760
35,0,0.0990,0.0230
35,0,0.1090,0.0100
35,0,0.2100,0.1010
80,0,0.2220,0.0120
80,0,0.2230,0.0010
35,0,0.2270,0.0040
35,0,0.2280,0.0010
35,0,0.2310,0.0030
80,0,0.2320,0.0010
18,0,0.2340,0.0020
18,0,0.2350,0.0010
15,0,0.2360,0.0010
33,0,0.2370,0.0010
18,0,0.2600,0.0230
35,0,0.3020,0.0420
18,0,0.3040,0.0020
15,0,0.3050,0.0010
18,0,0.3080,0.0030
15,0,0.3090,0.0010
37,0,0.3220,0.0130
353,0,0.3330,0.0110
172,0,0.3350,0.0020
204,0,0.3360,0.0010
415,0,0.3380,0.0020
195,0,0.3430,0.0050
144,0,0.3440,0.0010
195,0,0.3460,0.0020
415,0,0.3500,0.0040
415,0,0.3510,0.0010
80,0,0.3720,0.0210
55,0,0.4020,0.0300
40,0,0.4130,0.0110
49,0,0.4420,0.0290
80,0,0.4460,0.0040
80,0,0.4480,0.0020
80,0,0.4490,0.0010
80,0,0.4500,0.0010
80,0,0.4530,0.0030
80,0,0.4560,0.0030
346,0,0.4660,0.0100
80,0,0.5050,0.0390
55,0,0.5060,0.0010
49,0,0.5110,0.0050
80,0,0.5120,0.0010
80,0,0.5130,0.0010
80,0,0.5140,0.0010
80,0,0.5150,0.0010
367,0,0.5430,0.0280
15,0,0.5460,0.0030
67,2,0.5530,0.0070
1,2,0.5680,0.0150
467,2,0.5750,0.0070
55,0,0.6140,0.0390
40,0,0.6170,0.0030
35,2,0.6180,0.0010
49,0,0.6230,0.0050
35,2,0.6290,0.0060
35,2,0.6330,0.0040
24,0,0.6390,0.0060
55,0,0.6630,0.0240
35,2,0.6630,0.0240
35,2,0.6660,0.0030
35,2,0.6680,0.0020
35,2,0.6680,0.0020
80,0,0.6690,0.0010
80,0,0.6730,0.0040
80,0,0.6770,0.0040
80,0,0.6850,0.0080
28,2,0.6870,0.0020
14,2,0.6930,0.0060
467,2,0.7040,0.0110
367,0,0.7050,0.0010
35,2,0.7080,0.003035,2,0.7080,0.0030
35,3,0.7140,0.0060
35,3,0.7150,0.0010
367,0,0.7190,0.0040
35,3,0.7200,0.0010
35,2,0.7210,0.0010
24,4,0.7300,0.0090
49,0,0.7320,0.0020
464,3,0.7390,0.0070
80,0,0.7410,0.0020
464,2,0.7420,0.0010
80,0,0.7430,0.0010
80,0,0.7450,0.0020
112,4,0.7490,0.0040
467,4,0.7510,0.0020
80,0,0.7590,0.0080
35,4,0.7600,0.0010
80,0,0.7650,0.0050
464,3,0.7660,0.0010
35,4,0.7670,0.0010
35,4,0.7680,0.0010
24,2,0.7690,0.0010
35,4,0.7760,0.0070
18,2,0.7800,0.0040
15,2,0.7810,0.0010
35,4,0.7820,0.0010
24,2,0.7850,0.0030
24,2,0.7860,0.0010
35,4,0.7880,0.0020
35,4,0.7890,0.0010
35,4,0.7930,0.0040
464,4,0.7950,0.0020
112,2,0.7990,0.0040
35,2,0.8000,0.0010
464,2,0.8010,0.0010
112,3,0.8030,0.0020
464,3,0.8130,0.0100
112,0,0.8140,0.0010
35,4,0.8150,0.0010
112,0,0.8160,0.0010
24,3,0.8200,0.0040
464,0,0.8350,0.0150
112,3,0.8370,0.0020
112,4,0.8390,0.0020112,4,0.8390,0.0020
35,3,0.8420,0.0030
55,0,0.8430,0.0010
40,0,0.8540,0.0110
35,4,0.8590,0.0050
35,2,0.8590,0.0050
35,3,0.8610,0.0020
35,2,0.8670,0.0060
35,4,0.8690,0.0020
80,0,0.8710,0.0020
15,0,0.8730,0.0020
35,4,0.8760,0.0030
35,3,0.8770,0.0010
55,0,0.8800,0.0030
49,0,0.8830,0.0030
55,0,0.8840,0.0010
49,0,0.8880,0.0040
80,0,0.8890,0.0010
49,0,0.8940,0.0050
49,0,0.9020,0.0080
35,4,0.9030,0.0010
35,4,0.9040,0.0010
35,3,0.9050,0.0010
35,2,0.9060,0.0010
35,3,0.9070,0.0010
35,2,0.9090,0.0020
35,2,0.9150,0.0060
35,4,0.9160,0.0010
35,4,0.9170,0.0010
35,4,0.9170,0.0010
35,4,0.9180,0.0010
35,3,0.9210,0.0030
35,3,0.9220,0.0010
355,2,0.9450,0.0230
35,4,0.9520,0.0070
355,2,0.9540,0.0020
18,2,0.9640,0.0100
35,4,0.9780,0.0140
35,4,0.9790,0.0010
35,4,0.9800,0.0010
24,2,0.9820,0.0020
35,4,0.9870,0.0050
464,2,0.9880,0.0010
40,0,0.9890,0.0010
35,4,0.9890,0.0010
49,0,1.0000,0.0110
35,4,1.0010,0.0010
80,0,1.0170,0.0160
61,2,1.0260,0.0090
35,3,1.0290,0.0030
15,0,1.0300,0.0010
35,3,1.0340,0.0040
55,0,1.0340,0.0040
51,2,1.0410,0.0070
74,2,1.0420,0.0010
35,4,1.0430,0.0010
35,4,1.0430,0.0010
40,2,1.0440,0.0010
80,4,1.0460,0.0020
80,2,1.0470,0.0010
35,4,1.0480,0.0010
61,0,1.0490,0.0010
61,0,1.0490,0.0010
112,2,1.0500,0.0010
51,0,1.0510,0.0010
80,2,1.0520,0.0010
49,0,1.0560,0.0040
15,2,1.0570,0.0010
35,2,1.0600,0.0030
35,2,1.0610,0.0010
49,3,1.0620,0.0010
35,2,1.0620,0.0010
35,4,1.0650,0.0030
35,4,1.0650,0.0030
80,3,1.0660,0.0010
35,2,1.0660,0.0010
35,2,1.0660,0.0010
15,0,1.0670,0.0010
24,3,1.0680,0.0010
464,3,1.0730,0.0050
74,4,1.0730,0.0050
112,0,1.0740,0.0010
49,4,1.0760,0.0020
80,4,1.0770,0.0010
61,3,1.0780,0.0010
35,2,1.0790,0.0010
74,3,1.0810,0.0020
40,3,1.0820,0.0010
49,3,1.0830,0.0010
49,0,1.0850,0.0020
80,3,1.0850,0.0020
112,0,1.0860,0.0010
15,3,1.0870,0.0010
35,2,1.0920,0.0050
35,2,1.0930,0.0010

35,2,1.0930,0.0010
112,3,1.0940,0.0010
112,0,1.0950,0.0010
35,2,1.0960,0.0010
35,0,1.0970,0.0010
35,3,1.0970,0.0010
35,3,1.0980,0.0010
467,3,1.0990,0.0010
35,4,1.1000,0.0010
35,0,1.1000,0.0010
35,4,1.1010,0.0010
35,4,1.1010,0.0010
35,0,1.1050,0.0040
4,0,1.1060,0.0010
28,2,1.1090,0.0030
76,0,1.1410,0.0320
76,0,1.1450,0.0040
76,0,1.1570,0.0120
76,0,1.1580,0.0010
76,0,1.1590,0.0010
414,0,1.1620,0.0030
14,0,1.1630,0.0010
414,0,1.1720,0.0090
24,0,1.2030,0.0310
30,0,1.2040,0.0010
24,0,1.2050,0.0010
73,0,1.2650,0.0600
73,0,1.2690,0.0040
24,0,1.2740,0.0050
24,0,1.2830,0.0090
24,0,1.2990,0.0160
18,0,1.3430,0.0440
23,0,1.3460,0.0030
23,0,1.3570,0.0110
24,0,1.3790,0.0220
35,0,1.3940,0.0150
414,0,1.4170,0.0230
414,0,1.4300,0.0130
451,0,1.4770,0.0470
451,0,1.4910,0.0140
451,0,1.5730,0.0820
414,0,1.5760,0.0030
451,0,1.6000,0.0240
24,0,1.6050,0.0050
451,0,1.6060,0.0010
451,0,1.6090,0.0030
451,0,1.6100,0.0010
414,0,1.6110,0.0010
35,0,1.6290,0.0180
35,0,1.6330,0.0040
35,0,1.6350,0.0020
35,0,1.6430,0.0080
35,0,1.6460,0.0030
35,0,1.6510,0.0050
35,0,1.6540,0.0030
73,0,1.6780,0.0240
73,0,1.6790,0.0010
35,0,1.7140,0.0350
24,0,1.7400,0.0260
24,0,1.7420,0.0020
414,0,1.7650,0.0230
35,0,1.8120,0.0470
35,0,1.8130,0.0010
35,0,1.8150,0.0020
35,0,1.8170,0.0020
35,0,1.8180,0.0010
35,0,1.8200,0.0020
35,0,1.8220,0.0020
35,0,1.8230,0.0010
35,0,1.8250,0.0020
35,0,1.8260,0.0010
414,0,2.0460,0.2200
414,0,2.0750,0.0290
25,0,2.0780,0.0030
35,0,2.0870,0.0090
414,0,2.0880,0.0010
54,0,2.1040,0.0160
80,0,2.1060,0.0020
80,0,2.1070,0.0010
140,0,2.1370,0.0300
61,0,2.1580,0.0210
51,0,2.1590,0.0010
74,0,2.1600,0.0010
40,0,2.1610,0.0010
42,0,2.1630,0.0020
15,0,2.1640,0.0010
346,0,2.1710,0.0070
37,0,2.1730,0.0020
55,0,2.1780,0.0050
49,0,2.1790,0.0010
80,0,2.1800,0.0010
35,0,2.1810,0.0010
76,0,2.1840,0.0030
414,0,2.1850,0.0010
54,0,2.1890,0.0040
25,0,2.1900,0.0010
35,0,2.1920,0.0020
35,0,2.1930,0.0010
35,0,2.1940,0.0010
35,0,2.1950,0.0010
35,0,2.1960,0.0010
35,0,2.1970,0.0010
35,0,2.1980,0.0010
35,0,2.1990,0.0010
35,0,2.2000,0.0010
35,0,2.2010,0.0010
35,0,2.2020,0.0010
35,0,2.2030,0.0010
35,0,2.2040,0.0010
35,0,2.2050,0.0010
35,0,2.2060,0.0010
35,0,2.2070,0.0010
35,0,2.2080,0.0010
35,0,2.2090,0.0010
35,0,2.2100,0.0010
35,0,2.2110,0.0010
35,0,2.2120,0.0010
35,0,2.2130,0.0010
35,0,2.2140,0.0010
35,0,2.2150,0.0010
35,0,2.2160,0.0010
35,0,2.2170,0.0010
35,0,2.2180,0.0010
35,0,2.2190,0.0010
35,0,2.2200,0.0010
35,0,2.2210,0.0010
35,0,2.2220,0.0010
35,0,2.2230,0.0010
35,0,2.2240,0.0010
35,0,2.2250,0.0010
35,0,2.2260,0.0010
35,0,2.2270,0.0010
35,0,2.2280,0.0010
35,0,2.2290,0.0010
35,0,2.2300,0.0010
35,0,2.2310,0.0010
35,0,2.2320,0.0010
35,0,2.2330,0.0010
35,0,2.2340,0.0010
35,0,2.2350,0.0010
35,0,2.2360,0.0010
25,0,2.2460,0.0100
18,0,2.2490,0.0030
451,0,2.2510,0.0020
451,0,2.2520,0.0010
451,0,2.2530,0.0010
451,0,2.2540,0.0010
18,0,2.2600,0.0060
18,0,2.2610,0.0010
18,0,2.2700,0.0090
18,0,2.2860,0.0160
18,0,2.2880,0.0020
18,0,2.2910,0.0030
18,0,2.2930,0.0020
18,0,2.2980,0.0050
23,0,2.2990,0.0010
15,0,2.3000,0.0010
18,0,2.3010,0.0010
23,0,2.3020,0.0010
15,0,2.3030,0.0010
4834,0,2.3040,0.0010
37,0,2.3100,0.0060
35,0,2.3120,0.0020
80,0,2.3140,0.0020
246,0,2.3760,0.0620
246,0,2.3770,0.0010
33,0,2.4010,0.0240
18,0,2.4020,0.0010
18,0,2.4030,0.0010
18,0,2.4070,0.0040
18,0,2.4080,0.0010
18,0,2.4090,0.0010
18,0,2.4170,0.0080
18,0,2.4190,0.0020
18,0,2.4200,0.0010
23,0,2.4220,0.0020
15,0,2.4260,0.0040
18,0,2.4290,0.0030
18,0,2.4300,0.0010
23,0,2.4320,0.0020
15,0,2.4420,0.0100
18,0,2.5660,0.1240
18,0,2.5690,0.0030
51,0,2.5800,0.0110
74,0,2.5910,0.0110
40,0,2.5920,0.0010
35,0,2.5980,0.0060
35,0,2.6020,0.0040
35,0,2.6110,0.0090
451,0,2.6160,0.0050
451,0,2.6170,0.0010
35,0,2.6220,0.0050
35,0,2.6500,0.0280
4101,0,2.6540,0.0040
37,0,2.6580,0.0040
4224,0,2.6610,0.0030
4098,0,2.6620,0.0010
5169,0,2.6630,0.0010
296,0,2.6650,0.0020
66,0,2.6670,0.0020
0,0,2.6880,0.0210
28,0,2.6940,0.0060
15,0,2.6950,0.0010
15,0,2.6960,0.0010
25,0,2.6980,0.0020
288,0,2.7080,0.0100
22,0,2.7170,0.0090
288,0,2.7180,0.0010
23,0,2.7320,0.0140
28,0,2.7420,0.0100
15,0,2.7430,0.0010
5,0,2.7450,0.0020
18,0,2.7490,0.0040
414,0,2.7580,0.0090
72,0,2.7610,0.0030
72,0,2.7630,0.0020
22,0,2.7650,0.0020
22,0,2.7660,0.0010
281,0,2.7680,0.0020
281,0,2.7700,0.0020
191,0,2.7720,0.0020
191,0,2.7730,0.0010
451,0,2.7750,0.0020
451,0,2.7760,0.0010
414,0,2.7820,0.0060
451,0,2.7950,0.0130
451,0,2.7990,0.0040
451,0,2.8000,0.0010
451,0,2.8090,0.0090
414,0,2.8100,0.0010
35,0,2.8380,0.0280
22,0,2.8940,0.0560
23,0,2.8950,0.0010
15,0,2.8970,0.0020
22,0,2.8980,0.0010
22,0,2.8990,0.0010
288,0,2.9000,0.0010
23,0,2.9010,0.0010
355,0,2.9380,0.0370
72,0,2.9490,0.0110
201,0,2.9510,0.0020
435,0,2.9530,0.0020
144,0,2.9570,0.0040
442,0,2.9700,0.0130
355,0,2.9800,0.0100
442,0,2.9840,0.0040
355,0,2.9850,0.0010
442,0,2.9860,0.0010
355,0,3.0070,0.0210
33,0,3.0240,0.0170
33,0,3.0260,0.0020
22,0,3.0330,0.0070
288,0,3.0340,0.0010
408,0,3.0350,0.0010
22,0,3.0410,0.0060
18,0,3.0430,0.0020
15,0,3.0440,0.0010
22,0,3.0460,0.0020
22,0,3.0470,0.0010
18,0,3.0570,0.0100
22,0,3.0640,0.0070
22,0,3.0700,0.0060
72,0,3.0740,0.0040
281,0,3.0760,0.0020
36,0,3.0790,0.0030
33,0,3.0820,0.0030
22,0,3.0910,0.0090
22,0,3.0930,0.0020
33,0,3.0950,0.0020
33,0,3.0970,0.0020
18,0,3.1060,0.0090
22,0,3.1080,0.0020
281,0,3.1090,0.0010
35,0,3.1300,0.0210
22,0,3.1360,0.0060
451,0,3.1400,0.0040
451,0,3.1420,0.0020
451,0,3.1440,0.0020
72,0,3.1510,0.0070
72,0,3.1520,0.0010
72,0,3.1540,0.0020
64,0,3.1600,0.0060
451,0,3.1630,0.0030
451,0,3.1640,0.0010
451,0,3.1650,0.0010
451,0,3.1720,0.0070
451,0,3.1760,0.0040
414,0,3.1830,0.0070
451,0,3.1870,0.0040
451,0,3.1880,0.0010
54,0,3.1920,0.0040
54,0,3.1930,0.0010
25,0,3.1950,0.0020
191,0,3.2040,0.0090
414,0,3.2140,0.0100
339,0,3.2340,0.0200
36,0,3.2380,0.0040
22,0,3.2410,0.0030
22,0,3.2480,0.0070
347,0,3.2500,0.0020
347,0,3.2510,0.0010
23,0,3.2680,0.0170
15,0,3.2770,0.0090
339,0,3.2980,0.0210
72,0,3.3040,0.0060
414,0,3.3090,0.0050
451,0,3.3350,0.0260
451,0,3.3360,0.0010
451,0,3.3370,0.0010
414,0,3.3430,0.0060
414,0,3.3530,0.0100
191,0,3.3710,0.0180
22,0,3.3720,0.0010
23,0,3.3730,0.0010
191,0,3.3790,0.0060
414,0,3.3800,0.0010
14,0,3.4010,0.0210
415,0,3.4070,0.0060
14,0,3.4090,0.0020
67,0,3.4100,0.0010
35,0,3.4230,0.0130
35,0,3.4240,0.0010
24,0,3.4430,0.0190
24,0,3.4450,0.0020
24,0,3.4500,0.0050
24,0,3.4640,0.0140
7,0,3.4800,0.0160
7,0,3.5350,0.0550
35,0,3.5550,0.0200
35,0,3.5570,0.0020
35,0,3.5710,0.0140
339,0,3.5990,0.0280
25,0,3.6060,0.0070
28,0,3.6070,0.0010
61,0,3.6190,0.0120
25,0,3.6260,0.0070
25,0,3.6720,0.0460
61,0,3.6730,0.0010
23,0,3.6950,0.0220
355,0,3.7250,0.0300
442,0,3.7280,0.0030
355,0,3.7290,0.0010
355,0,3.7470,0.0180
430,0,3.7770,0.0300
85,0,3.7870,0.0100
74,0,3.7950,0.0080
40,0,3.7990,0.0040
15,0,3.8000,0.0010
15,0,3.8010,0.0010
18,0,3.8070,0.0060
33,0,3.8550,0.0480
140,0,3.8620,0.0070
33,0,3.8760,0.0140
18,0,3.8790,0.0030
50,0,3.8800,0.0010
18,0,3.8820,0.0020
23,0,3.8830,0.0010
15,0,3.8840,0.0010
18,0,3.8920,0.0080
23,0,3.8930,0.0010
15,0,3.8940,0.0010
18,0,3.8950,0.0010
18,0,3.9040,0.0090
18,0,3.9050,0.0010
50,0,3.9070,0.0020
15,0,3.9080,0.0010
23,0,3.9210,0.0130
23,0,3.9220,0.0010
35,0,3.9480,0.0260
18,0,3.9710,0.0230
23,0,3.9720,0.0010
35,0,4.0250,0.0530
35,0,4.0260,0.0010
35,0,4.0270,0.0010
339,0,4.0340,0.0070
25,0,4.0390,0.0050
25,0,4.0400,0.0010
35,0,4.0410,0.0010
35,0,4.0570,0.0160
35,0,4.0580,0.0010
35,0,4.0600,0.0020
35,0,4.0610,0.0010
18,0,4.0720,0.0110
18,0,4.0740,0.0020
23,0,4.0750,0.0010
15,0,4.0760,0.0010
18,0,4.0810,0.0050
23,0,4.0830,0.0020
15,0,4.0840,0.0010
18,0,4.0850,0.0010
15,0,4.0890,0.0040
35,0,4.0910,0.0020
35,0,4.0940,0.0030
23,0,4.0980,0.0040
35,0,4.0990,0.0010
73,0,4.1040,0.0050
73,0,4.1060,0.0020
7,0,4.1080,0.0020
7,0,4.1130,0.0050
7,0,4.1150,0.0020
7,0,4.1410,0.0260
8,0,4.1440,0.0030
35,0,4.1530,0.0090
35,0,4.1540,0.0010
73,0,4.1550,0.0010
35,0,4.1560,0.0010
73,0,4.1570,0.0010
35,0,4.1580,0.0010
54,0,4.1810,0.0230
22,0,4.1950,0.0140
23,0,4.2040,0.0090
15,0,4.2100,0.0060
72,0,4.2180,0.0080
18,0,4.2620,0.0440
18,0,4.2640,0.0020
18,0,4.2680,0.0040
33,0,4.2770,0.0090
88,0,4.2820,0.0050
347,0,4.2830,0.0010
36,0,4.2840,0.0010
296,0,4.2850,0.0010
33,0,4.2900,0.0050
33,0,4.2930,0.0030
33,0,4.2940,0.0010
33,0,4.2950,0.0010
33,0,4.2960,0.0010
33,0,4.2970,0.0010
33,0,4.3650,0.0680
33,0,4.3660,0.0010
33,0,4.3670,0.0010
15,0,4.3860,0.0190
15,0,4.3870,0.0010
22,0,4.3920,0.0050
54,0,4.3940,0.0020
25,0,4.3950,0.0010
451,0,4.4010,0.0060
451,0,4.4050,0.0040
22,0,4.4080,0.0030
23,0,4.4100,0.0020
15,0,4.4110,0.0010
72,0,4.4340,0.0230
60,0,4.4400,0.0060
36,0,4.5150,0.0750
72,0,4.5620,0.0470
36,0,4.5870,0.0250
85,0,4.6110,0.0240
39,0,4.6150,0.0040
39,0,4.6170,0.0020
39,0,4.6250,0.0080
22,0,4.6410,0.0160
8,0,4.6600,0.0190
6,0,4.6660,0.0060
57,0,4.8150,0.1490
430,0,4.9360,0.1210
18,0,4.9560,0.0200
74,0,4.9570,0.0010
35,0,4.9580,0.0010
35,0,4.9590,0.0010
35,0,4.9750,0.0160
73,0,4.9770,0.0020
7,0,4.9780,0.0010
73,0,4.9790,0.0010
44,0,5.0140,0.0350
13,0,5.0670,0.0530
15,0,5.0770,0.0100
15,0,5.0800,0.0030
15,0,5.0810,0.0010
15,0,5.0820,0.0010
15,0,5.0970,0.0150
15,0,5.1290,0.0320
15,0,5.1330,0.0040
15,0,5.1420,0.0090
15,0,5.1430,0.0010
15,0,5.1460,0.0030
15,0,5.1480,0.0020
15,0,5.1520,0.0040
15,0,5.1550,0.0030
15,0,5.1570,0.0020
15,0,5.1720,0.0150
15,0,5.1730,0.0010
15,0,5.1740,0.0010
15,0,5.1760,0.0020
15,0,5.2410,0.0650
15,0,5.2420,0.0010
15,0,5.2430,0.0010
15,0,5.2720,0.0290
15,0,5.2760,0.0040
18,0,5.2790,0.0030
13,0,5.2840,0.0050
15,0,5.3610,0.0770
15,0,5.3670,0.0060
15,0,5.3850,0.0180
