SysID,Thread ID,time,inetrval
14,0,0.0750,0.0750
35,0,0.0980,0.0230
35,0,0.1080,0.0100
35,0,0.2090,0.1010
80,0,0.2220,0.0130
80,0,0.2230,0.0010
35,0,0.2270,0.0040
35,0,0.2310,0.0040
18,0,0.2330,0.0020
18,0,0.2340,0.0010
23,0,0.2350,0.0010
33,0,0.2360,0.0010
18,0,0.2610,0.0250
35,0,0.3030,0.0420
18,0,0.3050,0.0020
15,0,0.3060,0.0010
18,0,0.3080,0.0020
23,0,0.3090,0.0010
15,0,0.3100,0.0010
37,0,0.3230,0.0130
353,0,0.3330,0.0100
172,0,0.3350,0.0020
204,0,0.3370,0.0020
415,0,0.3380,0.0010
195,0,0.3440,0.0060
201,0,0.3450,0.0010
144,0,0.3460,0.0010
195,0,0.3480,0.0020
415,0,0.3530,0.0050
415,0,0.3540,0.0010
80,0,0.3770,0.0230
55,0,0.4080,0.0310
40,0,0.4180,0.0100
49,0,0.4440,0.0260
80,0,0.4500,0.0060
80,0,0.4510,0.0010
80,0,0.4520,0.0010
80,0,0.4560,0.0040
80,0,0.4580,0.0020
346,0,0.4680,0.0100
346,0,0.4690,0.0010
80,0,0.5050,0.0360
367,0,0.5340,0.0290
15,0,0.5360,0.0020
67,2,0.5480,0.0120
1,2,0.5570,0.0090
55,0,0.5640,0.0070
467,2,0.5750,0.0110
367,2,0.5960,0.0210
24,0,0.5990,0.0030
35,2,0.6470,0.0480
35,2,0.6500,0.0030
464,3,0.6570,0.0070
35,2,0.6580,0.0010
35,2,0.6600,0.0020
35,2,0.6600,0.0020
35,2,0.6670,0.0070
35,2,0.6730,0.0060
18,0,0.6770,0.0040
35,2,0.6780,0.0010
24,0,0.6820,0.0040
24,0,0.6830,0.0010
35,2,0.6860,0.0030
35,2,0.6920,0.0060
35,2,0.6930,0.0010
35,2,0.6950,0.0020
35,2,0.6960,0.0010
112,0,0.6990,0.0030
40,0,0.7000,0.0010
35,2,0.7020,0.0020
35,2,0.7030,0.0010
35,2,0.7090,0.0060
1,3,0.7140,0.0050
49,0,0.7150,0.0010
80,2,0.7160,0.0010
80,0,0.7220,0.0060
80,0,0.7250,0.0030
467,3,0.7290,0.0040
80,0,0.7360,0.0070
28,2,0.7370,0.0010
355,3,0.7620,0.0250
80,0,0.7760,0.0140
80,0,0.7860,0.0100
467,2,0.7880,0.0020
355,3,0.7890,0.0010
80,0,0.7910,0.0020
18,3,0.8010,0.0100
23,3,0.8020,0.0010
24,3,0.8160,0.0140
464,0,0.8260,0.0100
112,3,0.8280,0.0020
464,3,0.8300,0.0020
112,0,0.8310,0.0010
24,3,0.8350,0.0040
40,0,0.8550,0.0200
49,0,0.8600,0.0050
80,0,0.8610,0.0010
80,0,0.8690,0.0080
80,0,0.8700,0.0010
80,0,0.8710,0.0010
80,0,0.8860,0.0150
80,0,0.8880,0.0020
61,3,0.8970,0.0090
15,0,0.9000,0.0030
35,2,0.9040,0.0040
51,3,0.9110,0.0070
74,3,0.9130,0.0020
35,0,0.9170,0.0040
40,3,0.9180,0.0010
1,4,0.9190,0.0010
467,4,0.9210,0.0020
80,3,0.9220,0.0010
35,2,0.9230,0.0010
35,2,0.9240,0.0010
35,2,0.9250,0.0010
35,2,0.9260,0.0010
80,3,0.9290,0.0030
35,0,0.9300,0.0010
367,3,0.9330,0.0030
112,3,0.9350,0.0020
35,2,0.9380,0.0030
35,4,0.9390,0.0010
35,4,0.9400,0.0010
80,3,0.9410,0.0010
35,2,0.9430,0.0020
35,4,0.9440,0.0010
35,4,0.9450,0.0010
15,3,0.9460,0.0010
467,3,0.9490,0.0030
4,0,0.9500,0.0010
14,4,0.9510,0.0010
76,0,0.9680,0.0170
76,0,0.9720,0.0040
414,0,0.9750,0.0030
14,0,0.9760,0.0010
414,0,0.9850,0.0090
24,0,1.0160,0.0310
30,0,1.0170,0.0010
24,0,1.0180,0.0010
73,0,1.0810,0.0630
73,0,1.0850,0.0040
24,0,1.0900,0.0050
24,0,1.1000,0.0100
24,0,1.1160,0.0160
18,0,1.1600,0.0440
23,0,1.1630,0.0030
23,0,1.1740,0.0110
24,0,1.1960,0.0220
35,0,1.2120,0.0160
414,0,1.2340,0.0220
451,0,1.2510,0.0170
414,0,1.2720,0.0210
414,0,1.2840,0.0120
451,0,1.2990,0.0150
451,0,1.3070,0.0080
451,0,1.3110,0.0040
451,0,1.3250,0.0140
14,0,1.3280,0.0030
415,0,1.3370,0.0090
14,0,1.3400,0.0030
67,0,1.3410,0.0010
35,0,1.3500,0.0090
35,0,1.3510,0.0010
35,0,1.3520,0.0010
24,0,1.3790,0.0270
24,0,1.3800,0.0010
24,0,1.3950,0.0150
246,0,1.4100,0.0150
246,0,1.4110,0.0010
33,0,1.4350,0.0240
18,0,1.4360,0.0010
18,0,1.4370,0.0010
15,0,1.4380,0.0010
18,0,1.4410,0.0030
18,0,1.4420,0.0010
18,0,1.4430,0.0010
18,0,1.4510,0.0080
18,0,1.4530,0.0020
18,0,1.4540,0.0010
23,0,1.4560,0.0020
15,0,1.4600,0.0040
18,0,1.4630,0.0030
18,0,1.4640,0.0010
23,0,1.4660,0.0020
15,0,1.4760,0.0100
7,0,1.4970,0.0210
18,0,1.5010,0.0040
18,0,1.5030,0.0020
73,0,1.6120,0.1090
7,0,1.6140,0.0020
296,0,1.6460,0.0320
33,0,1.6470,0.0010
15,0,1.6500,0.0030
288,0,1.6600,0.0100
22,0,1.6690,0.0090
288,0,1.6710,0.0020
22,0,1.6810,0.0100
23,0,1.6930,0.0120
23,0,1.6990,0.0060
22,0,1.7150,0.0160
22,0,1.7490,0.0340
288,0,1.7500,0.0010
18,0,1.7510,0.0010
15,0,1.7520,0.0010
22,0,1.7540,0.0020
22,0,1.7550,0.0010
18,0,1.7680,0.0130
22,0,1.7720,0.0040
18,0,1.7740,0.0020
15,0,1.7770,0.0030
72,0,1.7840,0.0070
23,0,1.7890,0.0050
23,0,1.7930,0.0040
22,0,1.8070,0.0140
23,0,1.8080,0.0010
281,0,1.8120,0.0040
23,0,1.8140,0.0020
22,0,1.8170,0.0030
23,0,1.8180,0.0010
23,0,1.8190,0.0010
22,0,1.8200,0.0010
22,0,1.8240,0.0040
23,0,1.8270,0.0030
23,0,1.8280,0.0010
15,0,1.8370,0.0090
22,0,1.8380,0.0010
15,0,1.8390,0.0010
15,0,1.8400,0.0010
4,0,1.8420,0.0020
296,0,1.8470,0.0050
25,0,1.8490,0.0020
72,0,1.8610,0.0120
22,0,1.8650,0.0040
281,0,1.8670,0.0020
22,0,1.8680,0.0010
23,0,1.8690,0.0010
22,0,1.8700,0.0010
22,0,1.8730,0.0030
23,0,1.8740,0.0010
23,0,1.8770,0.0030
23,0,1.8790,0.0020
23,0,1.8810,0.0020
23,0,1.8820,0.0010
23,0,1.8830,0.0010
23,0,1.8840,0.0010
23,0,1.8860,0.0020
23,0,1.8890,0.0030
15,0,1.8910,0.0020
22,0,1.8920,0.0010
23,0,1.8930,0.0010
23,0,1.8940,0.0010
23,0,1.8950,0.0010
23,0,1.8960,0.0010
15,0,1.8970,0.0010
15,0,1.9020,0.0050
54,0,1.9060,0.0040
54,0,1.9070,0.0010
25,0,1.9090,0.0020
22,0,1.9110,0.0020
23,0,1.9150,0.0040
23,0,1.9160,0.0010
15,0,1.9170,0.0010
60,0,1.9330,0.0160
4,0,2.0050,0.0720
37,0,2.0370,0.0320
24,0,2.0390,0.0020
55,0,2.0440,0.0050
61,0,2.0470,0.0030
51,0,2.0480,0.0010
49,0,2.0500,0.0020
80,0,2.0510,0.0010
80,0,2.0560,0.0050
15,0,2.0570,0.0010
76,0,2.0600,0.0030
414,0,2.0610,0.0010
451,0,2.0680,0.0070
22,0,2.0810,0.0130
23,0,2.0830,0.0020
15,0,2.0840,0.0010
14,0,2.0860,0.0020
72,0,2.0930,0.0070
37,0,2.1030,0.0100
61,0,2.1100,0.0070
49,0,2.1120,0.0020
80,0,2.1130,0.0010
80,4,2.1140,0.0010
4,0,2.1150,0.0010
451,0,2.1360,0.0210
451,0,2.1370,0.0010
451,0,2.1450,0.0080
451,0,2.1460,0.0010
24,0,2.1500,0.0040
451,0,2.1510,0.0010
72,0,2.1620,0.0110
80,0,2.1700,0.0080
37,0,2.1740,0.0040
49,0,2.1760,0.0020
80,0,2.1770,0.0010
414,0,2.1780,0.0010
80,0,2.1840,0.0060
355,0,2.2190,0.0350
72,0,2.2290,0.0100
201,0,2.2310,0.0020
435,0,2.2330,0.0020
144,0,2.2390,0.0060
442,0,2.2520,0.0130
355,0,2.2610,0.0090
442,0,2.2650,0.0040
355,0,2.2660,0.0010
355,0,2.2890,0.0230
430,0,2.3180,0.0290
85,0,2.3280,0.0100
72,0,2.3350,0.0070
7,0,2.3360,0.0010
72,0,2.3390,0.0030
72,0,2.3410,0.0020
339,0,2.3430,0.0020
18,0,2.3460,0.0030
22,0,2.3490,0.0030
22,0,2.3520,0.0030
14,0,2.3550,0.0030
339,0,2.3620,0.0070
22,0,2.3760,0.0140
29,0,2.3770,0.0010
22,0,2.3870,0.0100
22,0,2.3880,0.0010
18,0,2.3890,0.0010
23,0,2.3920,0.0030
23,0,2.3950,0.0030
15,0,2.3970,0.0020
15,0,2.3980,0.0010
22,0,2.4030,0.0050
23,0,2.4040,0.0010
22,0,2.4050,0.0010
22,0,2.4060,0.0010
23,0,2.4070,0.0010
15,0,2.4100,0.0030
15,0,2.4110,0.0010
80,0,2.4740,0.0630
22,0,2.4970,0.0230
22,0,2.4980,0.0010
23,0,2.5020,0.0040
23,0,2.5050,0.0030
23,0,2.5080,0.0030
23,0,2.5090,0.0010
23,0,2.5130,0.0040
23,0,2.5150,0.0020
23,0,2.5170,0.0020
15,0,2.5180,0.0010
72,0,2.5370,0.0190
80,0,2.5510,0.0140
54,0,2.5550,0.0040
24,0,2.5620,0.0070
22,0,2.5660,0.0040
23,0,2.5700,0.0040
15,0,2.5730,0.0030
72,0,2.5810,0.0080
18,0,2.6270,0.0460
18,0,2.6280,0.0010
18,0,2.6300,0.0020
23,0,2.6310,0.0010
15,0,2.6330,0.0020
18,0,2.6350,0.0020
18,0,2.6360,0.0010
18,0,2.6440,0.0080
18,0,2.6450,0.0010
33,0,2.6590,0.0140
88,0,2.6640,0.0050
347,0,2.6650,0.0010
347,0,2.6660,0.0010
36,0,2.6670,0.0010
296,0,2.6690,0.0020
33,0,2.6730,0.0040
33,0,2.6760,0.0030
33,0,2.6770,0.0010
33,0,2.6780,0.0010
33,0,2.6790,0.0010
33,0,2.6800,0.0010
33,0,2.7490,0.0690
33,0,2.7500,0.0010
33,0,2.7510,0.0010
15,0,2.7710,0.0200
15,0,2.7720,0.0010
22,0,2.7770,0.0050
54,0,2.7790,0.0020
25,0,2.7800,0.0010
451,0,2.7860,0.0060
451,0,2.7910,0.0050
22,0,2.7930,0.0020
23,0,2.7960,0.0030
15,0,2.7970,0.0010
72,0,2.8000,0.0030
60,0,2.8060,0.0060
33,0,2.8250,0.0190
33,0,2.8300,0.0050
33,0,2.8340,0.0040
33,0,2.8360,0.0020
33,0,2.8380,0.0020
15,0,2.8400,0.0020
33,0,2.8990,0.0590
122,0,2.9050,0.0060
137,0,2.9060,0.0010
24,0,2.9500,0.0440
140,0,2.9560,0.0060
140,0,3.0560,0.1000
37,0,7.8550,4.7990
49,0,7.8560,0.0010
367,0,7.8580,0.0020
14,0,7.8660,0.0080
80,0,7.8670,0.0010
36,0,7.9370,0.0700
36,0,7.9390,0.0020
72,0,7.9500,0.0110
7,0,7.9510,0.0010
15,0,7.9520,0.0010
72,0,7.9550,0.0030
36,0,8.0390,0.0840
24,0,8.0490,0.0100
36,0,8.0500,0.0010
33,0,8.0530,0.0030
121,0,8.0540,0.0010
137,0,8.0550,0.0010
141,0,8.0630,0.0080
7,5,8.1250,0.0620
24,0,8.1340,0.0090
4,0,8.1930,0.0590
14,5,8.1960,0.0030
448,5,8.1970,0.0010
72,5,8.2050,0.0080
137,5,8.2080,0.0030
140,5,8.2100,0.0020
367,5,8.2190,0.0090
7,6,8.2270,0.0080
14,6,8.2280,0.0010
67,6,8.2310,0.0030
1,6,8.2410,0.0100
36,5,8.2460,0.0050
13,5,8.2470,0.0010
127,5,8.2480,0.0010
467,6,8.2490,0.0010
13,5,8.2500,0.0010
140,5,8.2570,0.0070
72,6,8.2590,0.0020
60,6,8.2600,0.0010
24,6,8.2620,0.0020
464,5,8.2670,0.0050
467,5,8.2710,0.0040
24,6,8.3100,0.0390
140,6,8.3260,0.0160
137,5,8.3330,0.0070
467,6,8.3340,0.0010
24,5,8.4450,0.1110
467,5,8.4460,0.0010
36,6,8.4490,0.0030
33,6,8.4500,0.0010
122,6,8.4510,0.0010
467,6,8.4520,0.0010
467,6,8.4520,0.0010
140,5,8.4540,0.0020
467,5,8.4550,0.0010
125,6,8.4680,0.0130
140,6,8.4730,0.0050
138,0,8.4760,0.0030
467,6,8.4810,0.0050
137,0,8.4830,0.0020
24,0,8.5150,0.0320
36,0,8.5200,0.0050
36,0,8.5240,0.0040
36,0,8.5340,0.0100
36,0,8.5350,0.0010
72,0,8.5560,0.0210
72,0,8.5590,0.0030
72,0,8.5600,0.0010
201,0,8.5670,0.0070
144,0,8.5680,0.0010
140,0,8.5970,0.0290
72,0,8.6000,0.0030
355,0,8.6010,0.0010
442,0,8.6030,0.0020
15,0,8.6050,0.0020
4,0,8.6130,0.0080
22,0,8.6490,0.0360
23,0,8.6510,0.0020
23,0,8.6530,0.0020
15,0,8.6540,0.0010
22,0,8.6590,0.0050
23,0,8.6610,0.0020
23,0,8.6630,0.0020
15,0,8.6640,0.0010
22,0,8.6660,0.0020
22,0,8.6680,0.0020
23,0,8.6690,0.0010
15,0,8.6700,0.0010
22,0,8.6770,0.0070
23,0,8.6790,0.0020
23,0,8.6800,0.0010
23,0,8.6810,0.0010
15,0,8.6860,0.0050
24,0,8.7300,0.0440
18,0,8.7700,0.0400
51,0,8.7790,0.0090
74,0,8.7810,0.0020
40,0,8.7820,0.0010
35,0,8.7880,0.0060
35,0,8.7910,0.0030
35,0,8.8010,0.0100
35,0,8.8030,0.0020
35,0,8.8080,0.0050
73,0,8.8840,0.0760
8,0,8.9040,0.0200
4,0,8.9140,0.0100
296,0,8.9450,0.0310
33,0,8.9460,0.0010
15,0,8.9470,0.0010
85,0,8.9490,0.0020
7,0,8.9520,0.0030
7,0,8.9530,0.0010
7,0,8.9680,0.0150
4,0,8.9700,0.0020
7,0,8.9950,0.0250
15,0,9.0120,0.0170
35,0,9.0200,0.0080
73,0,9.0220,0.0020
7,0,9.0260,0.0040
8,0,9.0280,0.0020
4,0,9.0310,0.0030
72,0,9.0320,0.0010
140,0,9.0350,0.0030
35,0,9.0470,0.0120
35,0,9.0480,0.0010
4,0,9.0490,0.0010
35,0,9.0510,0.0020
73,0,9.0550,0.0040
35,0,9.0560,0.0010
73,0,9.0590,0.0030
73,0,9.0630,0.0040
72,0,9.0670,0.0040
72,0,9.0750,0.0080
7,0,9.0760,0.0010
15,0,9.0770,0.0010
4,0,9.0780,0.0010
144,6,9.0870,0.0090
138,6,9.0910,0.0040
137,6,9.0920,0.0010
72,6,9.1190,0.0270
14,6,9.1250,0.0060
15,0,9.1260,0.0010
4,0,9.1340,0.0080
72,0,9.1400,0.0060
7,0,9.1430,0.0030
24,0,9.1440,0.0010
467,6,9.1480,0.0040
23,0,13.7620,4.6140
85,0,13.7780,0.0160
74,0,13.7810,0.0030
40,0,13.7850,0.0040
15,0,13.7860,0.0010
18,0,13.7920,0.0060
35,0,13.8210,0.0290
73,0,13.8220,0.0010
35,0,13.8230,0.0010
73,0,13.8240,0.0010
144,6,17.6040,3.7800
14,6,17.6070,0.0030
467,6,17.6080,0.0010
35,0,17.6090,0.0010
72,0,17.6100,0.0010
144,6,21.6060,3.9960
15,0,21.6070,0.0010
144,6,25.6000,3.9930
35,0,25.6010,0.0010
73,0,25.6040,0.0030
8,0,25.6050,0.0010
24,0,25.6060,0.0010
60,0,25.6100,0.0040
144,6,25.6150,0.0050
138,6,25.6160,0.0010
69,6,25.6190,0.0030
140,6,25.6200,0.0010
467,6,25.6320,0.0120
15,0,25.6350,0.0030
161,0,25.6360,0.0010
52,0,25.6390,0.0030
60,0,25.8880,0.2490
144,6,25.8890,0.0010
60,0,26.1530,0.2640
72,6,26.1540,0.0010
60,0,26.4060,0.2520
15,0,26.4070,0.0010
60,0,26.6600,0.2530
72,6,26.6610,0.0010
60,0,26.9130,0.2520
72,6,26.9140,0.0010
60,0,27.1780,0.2640
72,6,27.1790,0.0010
60,0,27.4310,0.2520
72,6,27.4320,0.0010
60,0,27.6840,0.2520
144,6,27.6850,0.0010
60,0,27.9510,0.2660
140,6,27.9520,0.0010
60,0,28.2030,0.2510
69,6,28.2040,0.0010
60,0,28.4550,0.2510
144,6,28.4560,0.0010
60,0,28.7100,0.2540
144,6,28.7110,0.0010
60,0,28.9640,0.2530
69,6,28.9650,0.0010
60,0,29.2170,0.2520
140,6,29.2180,0.0010
60,0,29.4700,0.2520
7,6,29.4710,0.0010
60,0,29.7080,0.2370
15,0,29.7090,0.0010
60,0,29.9620,0.2530
72,6,29.9630,0.0010
60,0,30.2140,0.2510
144,6,30.2150,0.0010
60,0,30.4660,0.2510
69,6,30.4670,0.0010
60,0,30.7190,0.2520
144,6,30.7200,0.0010
60,0,30.9720,0.2520
72,6,30.9730,0.0010
60,0,31.2390,0.2660
72,6,31.2400,0.0010
60,0,31.4920,0.2520
15,6,31.4930,0.0010
60,0,31.7440,0.2510
140,6,31.7450,0.0010
60,0,31.9970,0.2520
72,6,31.9980,0.0010
60,0,32.2490,0.2510
144,6,32.2500,0.0010
60,0,32.5160,0.2660
144,6,32.5170,0.0010
60,0,32.7820,0.2650
72,6,32.7830,0.0010
60,0,33.0180,0.2350
72,6,33.0190,0.0010
60,0,33.2700,0.2510
140,6,33.2710,0.0010
60,0,33.5210,0.2500
144,6,33.5220,0.0010
60,0,33.7880,0.2660
15,0,33.7890,0.0010
60,0,34.0400,0.2510
140,6,34.0410,0.0010
60,0,34.2920,0.2510
69,6,34.2930,0.0010
60,0,34.5450,0.2520
72,6,34.5460,0.0010
60,0,34.7960,0.2500
72,6,34.7980,0.0020
60,0,35.0630,0.2650
140,6,35.0640,0.0010
60,0,35.3000,0.2360
72,6,35.3010,0.0010
60,0,35.5540,0.2530
144,6,35.5550,0.0010
60,0,35.8070,0.2520
140,6,35.8080,0.0010
60,0,36.0590,0.2510
15,6,36.0600,0.0010
60,0,36.3250,0.2650
140,6,36.3260,0.0010
60,0,36.5910,0.2650
72,6,36.5920,0.0010
60,0,36.8460,0.2540
69,6,36.8470,0.0010
60,0,37.0980,0.2510
72,6,37.0990,0.0010
60,0,37.3510,0.2520
15,6,37.3520,0.0010
60,0,37.6030,0.2510
15,6,37.6040,0.0010
60,0,37.8540,0.2500
144,6,37.8550,0.0010
60,0,38.1070,0.2520
69,6,38.1080,0.0010
60,0,38.3590,0.2510
137,6,38.3600,0.0010
60,0,38.6120,0.2520
144,6,38.6130,0.0010
60,0,38.8640,0.2510
72,6,38.8650,0.0010
60,0,39.1290,0.2640
140,6,39.1300,0.0010
60,0,39.3840,0.2540
15,6,39.3850,0.0010
60,0,39.6360,0.2510
15,0,39.6370,0.0010
60,0,39.8900,0.2530
144,6,39.8910,0.0010
60,0,40.1420,0.2510
7,6,40.1430,0.0010
60,0,40.3930,0.2500
15,0,40.3940,0.0010
60,0,40.6460,0.2520
7,6,40.6470,0.0010
60,0,40.9010,0.2540
144,6,40.9020,0.0010
60,0,41.1530,0.2510
144,6,41.1540,0.0010
