SysID,Thread ID,time,inetrval
14,0,0.0740,0.0740
35,0,0.0970,0.0230
35,0,0.1070,0.0100
35,0,0.2070,0.1000
80,0,0.2200,0.0130
80,0,0.2210,0.0010
35,0,0.2250,0.0040
35,0,0.2290,0.0040
18,0,0.2310,0.0020
18,0,0.2320,0.0010
23,0,0.2330,0.0010
33,0,0.2340,0.0010
18,0,0.2570,0.0230
35,0,0.2990,0.0420
18,0,0.3010,0.0020
15,0,0.3020,0.0010
18,0,0.3050,0.0030
15,0,0.3060,0.0010
37,0,0.3190,0.0130
353,0,0.3290,0.0100
172,0,0.3310,0.0020
204,0,0.3320,0.0010
415,0,0.3340,0.0020
195,0,0.3390,0.0050
201,0,0.3400,0.0010
195,0,0.3420,0.0020
415,0,0.3460,0.0040
415,0,0.3470,0.0010
80,0,0.3670,0.0200
55,0,0.3990,0.0320
40,0,0.4090,0.0100
49,0,0.4370,0.0280
80,0,0.4430,0.0060
80,0,0.4440,0.0010
80,0,0.4450,0.0010
80,0,0.4480,0.0030
80,0,0.4510,0.0030
346,0,0.4700,0.0190
346,0,0.4710,0.0010
80,0,0.5070,0.0360
367,0,0.5360,0.0290
15,0,0.5380,0.0020
67,2,0.5450,0.0070
1,2,0.5570,0.0120
55,0,0.5580,0.0010
467,2,0.5670,0.0090
367,2,0.5890,0.0220
67,3,0.6070,0.0180
35,2,0.6110,0.0040
49,0,0.6140,0.0030
24,3,0.6190,0.0050
467,3,0.6490,0.0300
35,2,0.6500,0.0010
355,3,0.6750,0.0250
35,2,0.6870,0.0120
80,0,0.6880,0.0010
35,2,0.6880,0.0010
355,3,0.6890,0.0010
18,3,0.7000,0.0110
23,3,0.7010,0.0010
80,0,0.7020,0.0010
35,2,0.7170,0.0150
24,3,0.7190,0.0020
35,2,0.7210,0.0020
40,0,0.7280,0.0070
35,2,0.7310,0.0030
49,0,0.7320,0.0010
35,2,0.7350,0.0030
35,2,0.7350,0.0030
35,2,0.7390,0.0040
80,0,0.7390,0.0040
35,2,0.7400,0.0010
35,2,0.7410,0.0010
80,0,0.7410,0.0010
35,2,0.7420,0.0010
80,0,0.7430,0.0010
35,2,0.7490,0.0060
18,3,0.7530,0.0040
80,2,0.7540,0.0010
464,0,0.7610,0.0070
23,3,0.7650,0.0040
464,2,0.7670,0.0020
24,3,0.7710,0.0040
24,3,0.7720,0.0010
24,3,0.7830,0.0110
112,3,0.7880,0.0050
112,0,0.8010,0.0130
464,0,0.8120,0.0110
112,3,0.8130,0.0010
464,2,0.8410,0.0280
112,0,0.8500,0.0090
67,4,0.8550,0.0050
467,4,0.8600,0.0050
35,4,0.8720,0.0120
35,4,0.8730,0.0010
367,0,0.8770,0.0040
28,2,0.8820,0.0050
61,3,0.8910,0.0090
35,4,0.9070,0.0160
35,2,0.9110,0.0040
35,4,0.9160,0.0050
35,4,0.9160,0.0050
51,3,0.9230,0.0070
4,0,0.9240,0.0010
74,3,0.9250,0.0010
4,0,0.9260,0.0010
40,3,0.9270,0.0010
35,4,0.9290,0.0020
35,4,0.9300,0.0010
80,3,0.9310,0.0010
35,4,0.9310,0.0010
35,4,0.9320,0.0010
35,2,0.9330,0.0010
35,2,0.9340,0.0010
80,3,0.9360,0.0020
80,3,0.9380,0.0020
35,4,0.9400,0.0020
35,4,0.9410,0.0010
35,2,0.9420,0.0010
35,2,0.9450,0.0030
35,2,0.9460,0.0010
35,4,0.9470,0.0010
35,3,0.9470,0.0010
467,2,0.9480,0.0010
467,2,0.9490,0.0010
14,4,0.9500,0.0010
76,0,0.9670,0.0170
76,0,0.9700,0.0030
76,0,0.9710,0.0010
414,0,0.9740,0.0030
414,0,0.9830,0.0090
24,0,1.0140,0.0310
30,0,1.0150,0.0010
24,0,1.0160,0.0010
73,0,1.0790,0.0630
73,0,1.0830,0.0040
24,0,1.0870,0.0040
24,0,1.0950,0.0080
24,0,1.1110,0.0160
18,0,1.1540,0.0430
23,0,1.1580,0.0040
23,0,1.1690,0.0110
24,0,1.1910,0.0220
35,0,1.2070,0.0160
414,0,1.2290,0.0220
451,0,1.2460,0.0170
414,0,1.2670,0.0210
414,0,1.2790,0.0120
451,0,1.2930,0.0140
451,0,1.3020,0.0090
451,0,1.3040,0.0020
451,0,1.3180,0.0140
14,0,1.3240,0.0060
415,0,1.3330,0.0090
14,0,1.3360,0.0030
67,0,1.3370,0.0010
35,0,1.3460,0.0090
35,0,1.3470,0.0010
35,0,1.3480,0.0010
24,0,1.3740,0.0260
24,0,1.3750,0.0010
24,0,1.3890,0.0140
246,0,1.4040,0.0150
246,0,1.4050,0.0010
33,0,1.4280,0.0230
18,0,1.4290,0.0010
18,0,1.4300,0.0010
15,0,1.4310,0.0010
18,0,1.4340,0.0030
18,0,1.4350,0.0010
18,0,1.4360,0.0010
18,0,1.4440,0.0080
18,0,1.4450,0.0010
18,0,1.4470,0.0020
23,0,1.4490,0.0020
15,0,1.4530,0.0040
18,0,1.4560,0.0030
18,0,1.4570,0.0010
23,0,1.4580,0.0010
15,0,1.4680,0.0100
15,0,1.4690,0.0010
7,0,1.4890,0.0200
18,0,1.4930,0.0040
18,0,1.4940,0.0010
73,0,1.6040,0.1100
7,0,1.6070,0.0030
296,0,1.6370,0.0300
33,0,1.6390,0.0020
15,0,1.6420,0.0030
288,0,1.6510,0.0090
22,0,1.6610,0.0100
288,0,1.6620,0.0010
22,0,1.6720,0.0100
23,0,1.6830,0.0110
23,0,1.6900,0.0070
22,0,1.7050,0.0150
22,0,1.7400,0.0350
18,0,1.7410,0.0010
15,0,1.7420,0.0010
22,0,1.7440,0.0020
22,0,1.7450,0.0010
18,0,1.7580,0.0130
22,0,1.7620,0.0040
18,0,1.7630,0.0010
15,0,1.7670,0.0040
72,0,1.7700,0.0030
23,0,1.7750,0.0050
23,0,1.7790,0.0040
22,0,1.7930,0.0140
23,0,1.7940,0.0010
281,0,1.7980,0.0040
23,0,1.8000,0.0020
22,0,1.8120,0.0120
23,0,1.8140,0.0020
22,0,1.8150,0.0010
22,0,1.8190,0.0040
23,0,1.8220,0.0030
23,0,1.8230,0.0010
15,0,1.8320,0.0090
22,0,1.8330,0.0010
22,0,1.8340,0.0010
15,0,1.8350,0.0010
4,0,1.8370,0.0020
296,0,1.8430,0.0060
25,0,1.8450,0.0020
72,0,1.8560,0.0110
22,0,1.8600,0.0040
23,0,1.8610,0.0010
281,0,1.8630,0.0020
23,0,1.8640,0.0010
22,0,1.8650,0.0010
22,0,1.8680,0.0030
23,0,1.8690,0.0010
23,0,1.8720,0.0030
23,0,1.8740,0.0020
23,0,1.8760,0.0020
23,0,1.8770,0.0010
23,0,1.8780,0.0010
23,0,1.8790,0.0010
23,0,1.8810,0.0020
23,0,1.8830,0.0020
15,0,1.8850,0.0020
22,0,1.8870,0.0020
23,0,1.8880,0.0010
23,0,1.8890,0.0010
23,0,1.8900,0.0010
4,0,1.8910,0.0010
15,0,1.8960,0.0050
54,0,1.9000,0.0040
54,0,1.9010,0.0010
25,0,1.9030,0.0020
22,0,1.9050,0.0020
23,0,1.9080,0.0030
23,0,1.9100,0.0020
15,0,1.9110,0.0010
60,0,1.9270,0.0160
22,0,1.9370,0.0100
23,0,1.9380,0.0010
15,0,1.9390,0.0010
37,0,1.9920,0.0530
55,0,1.9950,0.0030
61,0,2.0020,0.0070
49,0,2.0030,0.0010
80,0,2.0040,0.0010
55,0,2.0060,0.0020
40,0,2.0070,0.0010
49,0,2.0080,0.0010
367,0,2.0090,0.0010
15,0,2.0120,0.0030
15,0,2.0140,0.0020
80,3,2.0150,0.0010
467,3,2.0160,0.0010
76,0,2.0180,0.0020
414,0,2.0210,0.0030
14,0,2.0350,0.0140
80,0,2.0360,0.0010
54,0,2.0460,0.0100
22,0,2.0570,0.0110
23,0,2.0610,0.0040
15,0,2.0640,0.0030
72,0,2.0720,0.0080
24,0,2.0940,0.0220
18,0,2.1190,0.0250
18,0,2.1210,0.0020
18,0,2.1220,0.0010
23,0,2.1230,0.0010
15,0,2.1250,0.0020
18,0,2.1270,0.0020
18,0,2.1280,0.0010
18,0,2.1360,0.0080
18,0,2.1370,0.0010
33,0,2.1510,0.0140
88,0,2.1560,0.0050
347,0,2.1570,0.0010
24,0,2.1580,0.0010
36,0,2.1590,0.0010
296,0,2.1610,0.0020
33,0,2.1660,0.0050
33,0,2.1680,0.0020
33,0,2.1690,0.0010
33,0,2.1700,0.0010
33,0,2.1710,0.0010
33,0,2.1720,0.0010
33,0,2.2410,0.0690
33,0,2.2420,0.0010
15,0,2.2630,0.0210
15,0,2.2640,0.0010
22,0,2.2690,0.0050
18,0,2.2710,0.0020
54,0,2.2720,0.0010
25,0,2.2730,0.0010
25,0,2.2740,0.0010
451,0,2.2790,0.0050
451,0,2.2800,0.0010
451,0,2.2840,0.0040
22,0,2.2860,0.0020
23,0,2.2880,0.0020
15,0,2.2890,0.0010
72,0,2.3100,0.0210
60,0,2.3150,0.0050
36,0,2.3700,0.0550
36,0,2.3710,0.0010
355,0,2.4140,0.0430
72,0,2.4230,0.0090
201,0,2.4240,0.0010
435,0,2.4270,0.0030
144,0,2.4310,0.0040
442,0,2.4430,0.0120
355,0,2.4520,0.0090
442,0,2.4560,0.0040
355,0,2.4570,0.0010
355,0,2.4800,0.0230
430,0,2.5100,0.0300
85,0,2.5200,0.0100
72,0,2.5260,0.0060
7,0,2.5270,0.0010
15,0,2.5280,0.0010
72,0,2.5310,0.0030
24,0,2.5620,0.0310
36,0,2.6530,0.0910
36,0,2.6950,0.0420
33,0,2.7060,0.0110
121,0,2.7120,0.0060
137,0,2.7130,0.0010
141,0,2.7230,0.0100
24,0,2.7770,0.0540
4,0,2.8360,0.0590
7,5,2.8440,0.0080
14,5,2.8540,0.0100
448,5,2.8550,0.0010
72,5,2.8620,0.0070
137,5,2.8650,0.0030
140,5,2.8670,0.0020
24,5,2.8820,0.0150
367,5,2.8830,0.0010
7,6,2.8920,0.0090
14,6,2.8930,0.0010
448,6,2.9040,0.0110
67,6,2.9050,0.0010
36,5,2.9170,0.0120
13,5,2.9180,0.0010
127,5,2.9190,0.0010
13,5,2.9210,0.0020
140,5,2.9490,0.0280
72,6,2.9520,0.0030
60,6,2.9550,0.0030
137,6,2.9590,0.0040
140,6,3.0280,0.0690
467,6,3.0430,0.0150
137,5,3.0440,0.0010
367,5,3.1600,0.1160
467,5,3.1620,0.0020
36,6,3.1660,0.0040
122,6,3.1680,0.0020
137,6,3.1690,0.0010
467,6,3.1700,0.001024,5,3.1700,0.0010
467,6,3.1700,0.001024,5,3.1700,0.0010
36,5,3.1710,0.0010
140,5,3.1730,0.0020
137,6,3.1740,0.0010
137,6,3.1740,0.0010
125,6,3.1880,0.0140
140,6,3.1920,0.0040
467,6,3.1970,0.0050
138,0,3.1990,0.0020
137,0,3.2020,0.0030
24,0,3.2340,0.0320
36,0,3.2420,0.0080
36,0,3.2460,0.0040
36,0,3.2550,0.0090
36,0,3.2560,0.0010
72,0,3.2780,0.0220
72,0,3.2800,0.0020
72,0,3.2810,0.0010
201,0,3.2880,0.0070
144,0,3.2890,0.0010
140,0,3.3260,0.0370
72,0,3.3290,0.0030
355,0,3.3300,0.0010
442,0,3.3320,0.0020
15,0,3.3340,0.0020
24,0,3.3410,0.0070
4,0,3.3480,0.0070
37,0,3.3610,0.0130
55,0,3.3660,0.0050
61,0,3.3670,0.0010
51,0,3.3680,0.0010
49,0,3.3710,0.0030
80,0,3.3720,0.0010
15,0,3.3730,0.0010
76,0,3.3740,0.0010
451,0,3.3810,0.0070
22,0,3.3910,0.0100
23,0,3.3920,0.0010
15,0,3.3930,0.0010
14,0,3.3950,0.0020
72,0,3.3990,0.0040
22,0,3.4310,0.0320
23,0,3.4320,0.0010
23,0,3.4350,0.0030
22,0,3.4410,0.0060
23,0,3.4430,0.0020
23,0,3.4450,0.0020
15,0,3.4460,0.0010
22,0,3.4570,0.0110
22,0,3.4580,0.0010
288,0,3.4590,0.0010
23,0,3.4600,0.0010
15,0,3.4610,0.0010
22,0,3.4690,0.0080
23,0,3.4700,0.0010
23,0,3.4710,0.0010
23,0,3.4730,0.0020
15,0,3.4780,0.0050
18,0,3.5770,0.0990
18,0,3.5800,0.0030
51,0,3.5890,0.0090
74,0,3.5910,0.0020
40,0,3.5920,0.0010
35,0,3.5970,0.0050
35,0,3.6010,0.0040
35,0,3.6100,0.0090
35,0,3.6120,0.0020
35,0,3.6170,0.0050
73,0,3.6840,0.0670
8,0,3.7020,0.0180
35,0,3.7110,0.0090
73,0,3.7200,0.0090
8,0,3.7210,0.0010
72,0,3.7290,0.0080
80,0,3.7360,0.0070
72,0,3.7390,0.0030
7,0,3.7400,0.0010
15,0,3.7410,0.0010
4,0,3.7430,0.0020
144,6,3.7610,0.0180
138,6,3.7650,0.0040
72,6,3.8110,0.0460
14,6,3.8170,0.0060
35,0,3.8250,0.0080
35,0,3.8260,0.0010
35,0,3.8290,0.0030
24,6,3.8350,0.0060
464,0,3.8360,0.0010
73,0,3.8370,0.0010
467,6,3.8420,0.0050
7,0,3.8450,0.0030
8,0,3.8480,0.0030
35,0,3.8490,0.0010
35,0,3.8510,0.0020
35,0,3.8520,0.0010
52,0,3.8550,0.0030
72,0,4.8510,0.9960
72,0,4.8530,0.0020
144,6,4.8640,0.0110
72,6,4.8650,0.0010
7,0,4.8660,0.0010
72,0,5.8580,0.9920
144,6,5.8700,0.0120
7,0,5.8710,0.0010
72,0,6.8640,0.9930
144,6,6.8750,0.0110
72,6,6.8760,0.0010
7,0,6.8770,0.0010
72,0,7.8680,0.9910
144,6,7.8800,0.0120
35,0,7.8810,0.0010
4,0,7.8840,0.0030
35,0,7.8860,0.0020
73,0,7.8870,0.0010
7,0,7.8880,0.0010
35,0,7.8890,0.0010
149,0,7.8990,0.0100
15,0,7.9110,0.0120
140,0,7.9670,0.0560
131,0,7.9750,0.0080
131,0,7.9830,0.0080
4,0,8.0060,0.0230
15,0,8.0090,0.0030
15,0,8.0110,0.0020
70,0,8.0350,0.0240
15,0,8.0460,0.0110
15,0,8.0500,0.0040
70,0,8.0550,0.0050
15,0,8.0610,0.0060
15,0,8.0640,0.0030
44,0,8.0870,0.0230
442,0,8.1140,0.0270
461,0,8.1180,0.0040
15,0,8.1220,0.0040
15,0,8.1260,0.0040
15,0,8.1330,0.0070
15,0,8.1360,0.0030
15,0,8.1380,0.0020
15,0,8.1520,0.0140
15,0,8.1630,0.0110
