SysID,Thread ID,time,inetrval
14,0,0.0870,0.0870
35,0,0.1110,0.0240
35,0,0.1220,0.0110
35,0,0.2270,0.1050
80,0,0.2400,0.0130
80,0,0.2410,0.0010
35,0,0.2450,0.0040
35,0,0.2490,0.0040
18,0,0.2510,0.0020
18,0,0.2520,0.0010
23,0,0.2530,0.0010
33,0,0.2540,0.0010
18,0,0.2770,0.0230
35,0,0.3200,0.0430
18,0,0.3220,0.0020
15,0,0.3230,0.0010
18,0,0.3260,0.0030
23,0,0.3270,0.0010
37,0,0.3400,0.0130
353,0,0.3510,0.0110
172,0,0.3530,0.0020
204,0,0.3540,0.0010
415,0,0.3560,0.0020
195,0,0.3620,0.0060
144,0,0.3630,0.0010
195,0,0.3650,0.0020
415,0,0.3690,0.0040
415,0,0.3700,0.0010
80,0,0.3950,0.0250
55,0,0.4270,0.0320
40,0,0.4370,0.0100
49,0,0.4640,0.0270
80,0,0.4700,0.0060
80,0,0.4710,0.0010
80,0,0.4720,0.0010
80,0,0.4750,0.0030
80,0,0.4780,0.0030
346,0,0.4970,0.0190
80,0,0.5340,0.0370
367,0,0.5600,0.0260
15,0,0.5630,0.0030
67,2,0.5690,0.0060
55,0,0.5750,0.0060
40,0,0.5810,0.0060
1,2,0.5830,0.0020
49,0,0.5980,0.0150
467,2,0.6000,0.0020
80,0,0.6070,0.0070
80,0,0.6340,0.0270
80,0,0.6370,0.0030
35,2,0.6380,0.0010
80,0,0.6380,0.0010
80,0,0.6390,0.0010
35,2,0.6400,0.0010
80,0,0.6410,0.0010
35,2,0.6470,0.0060
35,2,0.6480,0.0010
35,2,0.6490,0.0010
367,0,0.6500,0.0010
80,2,0.6510,0.0010
35,0,0.6520,0.0010
24,2,0.6610,0.0090
35,3,0.6870,0.0260
35,0,0.6910,0.0040
35,0,0.6950,0.0040
35,0,0.6970,0.0020
28,2,0.6990,0.0020
35,0,0.7020,0.0030
35,3,0.7030,0.0010
35,0,0.7100,0.0070
35,3,0.7160,0.0060
35,3,0.7160,0.0060
467,2,0.7170,0.0010
35,0,0.7180,0.0010
80,0,0.7190,0.0010
35,3,0.7200,0.0010
4,0,0.7220,0.0020
4,0,0.7230,0.0010
35,3,0.7240,0.0010
467,3,0.7250,0.0010
76,0,0.7420,0.0170
76,0,0.7470,0.0050
414,0,0.7500,0.0030
414,0,0.7600,0.0100
24,0,0.7940,0.0340
30,0,0.7950,0.0010
24,0,0.7960,0.0010
73,0,0.8630,0.0670
73,0,0.8670,0.0040
24,0,0.8710,0.0040
24,0,0.8840,0.0130
24,0,0.9080,0.0240
18,0,0.9150,0.0070
23,0,0.9160,0.0010
24,0,0.9200,0.0040
24,0,0.9210,0.0010
18,0,0.9720,0.0510
23,0,0.9760,0.0040
23,0,0.9860,0.0100
24,0,1.0090,0.0230
35,0,1.0260,0.0170
414,0,1.0490,0.0230
14,0,1.0670,0.0180
415,0,1.0750,0.0080
14,0,1.0770,0.0020
448,0,1.0780,0.0010
67,0,1.0790,0.0010
35,0,1.0880,0.0090
35,0,1.0890,0.0010
35,0,1.0900,0.0010
24,0,1.1160,0.0260
24,0,1.1170,0.0010
24,0,1.1320,0.0150
246,0,1.1470,0.0150
246,0,1.1480,0.0010
33,0,1.1720,0.0240
18,0,1.1740,0.0020
18,0,1.1770,0.0030
33,0,1.1780,0.0010
18,0,1.1790,0.0010
15,0,1.1800,0.0010
18,0,1.1870,0.0070
33,0,1.1880,0.0010
18,0,1.1890,0.0010
18,0,1.1910,0.0020
23,0,1.1920,0.0010
15,0,1.1960,0.0040
15,0,1.1970,0.0010
18,0,1.2000,0.0030
18,0,1.2010,0.0010
23,0,1.2020,0.0010
15,0,1.2130,0.0110
7,0,1.2330,0.0200
18,0,1.2370,0.0040
18,0,1.2390,0.0020
37,0,1.3550,0.1160
55,0,1.3610,0.0060
49,0,1.3630,0.0020
80,0,1.3690,0.0060
367,0,1.3700,0.0010
4,0,1.3720,0.0020
80,3,1.3760,0.0040
76,0,1.3780,0.0020
451,0,1.4260,0.0480
451,0,1.4400,0.0140
18,0,1.4840,0.0440
24,0,1.5380,0.0540
451,0,1.5590,0.0210
14,0,1.5660,0.0070
80,0,1.5670,0.0010
64,0,1.5720,0.0050
4,0,1.5740,0.0020
15,0,1.5870,0.0130
54,0,1.5980,0.0110
288,0,1.6190,0.0210
22,0,1.6300,0.0110
288,0,1.6310,0.0010
23,0,1.6510,0.0200
15,0,1.6630,0.0120
24,0,1.6680,0.0050
72,0,1.6720,0.0040
18,0,1.7280,0.0560
18,0,1.7300,0.0020
18,0,1.7310,0.0010
23,0,1.7320,0.0010
15,0,1.7340,0.0020
18,0,1.7360,0.0020
15,0,1.7370,0.0010
18,0,1.7450,0.0080
18,0,1.7460,0.0010
33,0,1.7610,0.0150
88,0,1.7660,0.0050
347,0,1.7670,0.0010
347,0,1.7680,0.0010
36,0,1.7750,0.0070
296,0,1.7770,0.0020
33,0,1.7820,0.0050
33,0,1.7850,0.0030
33,0,1.7860,0.0010
33,0,1.7870,0.0010
33,0,1.7880,0.0010
33,0,1.7890,0.0010
33,0,1.8570,0.0680
33,0,1.8590,0.0020
15,0,1.8800,0.0210
15,0,1.8820,0.0020
22,0,1.8910,0.0090
18,0,1.8930,0.0020
22,0,1.8950,0.0020
22,0,1.8970,0.0020
18,0,1.9070,0.0100
54,0,1.9170,0.0100
25,0,1.9180,0.0010
25,0,1.9190,0.0010
451,0,1.9240,0.0050
451,0,1.9310,0.0070
451,0,1.9340,0.0030
22,0,1.9370,0.0030
23,0,1.9410,0.0040
15,0,1.9430,0.0020
72,0,1.9630,0.0200
60,0,1.9690,0.0060
24,0,2.0580,0.0890
33,0,2.1000,0.0420
121,0,2.1060,0.0060
137,0,2.1070,0.0010
24,0,2.1470,0.0400
140,0,2.1530,0.0060
140,0,2.1870,0.0340
140,0,2.3260,0.1390
24,0,2.3340,0.0080
140,0,2.3720,0.0380
140,0,2.3870,0.0150
18,0,2.4770,0.0900
18,0,2.4800,0.0030
51,0,2.5030,0.0230
74,0,2.5050,0.0020
40,0,2.5060,0.0010
35,0,2.5110,0.0050
35,0,2.5150,0.0040
35,0,2.5250,0.0100
35,0,2.5270,0.0020
35,0,2.5320,0.0050
73,0,2.5970,0.0650
7,0,2.5990,0.0020
8,0,2.6060,0.0070
35,0,2.6110,0.0050
73,0,2.6120,0.0010
73,0,2.6130,0.0010
35,0,2.6140,0.0010
73,0,2.6150,0.0010
73,0,2.6160,0.0010
73,0,2.6170,0.0010
8,0,2.6180,0.0010
73,0,2.6190,0.0010
140,0,2.6200,0.0010
35,0,2.6210,0.0010
35,0,2.6220,0.0010
73,0,2.6230,0.0010
35,0,2.6240,0.0010
35,0,2.6250,0.0010
73,0,2.6260,0.0010
8,0,2.6270,0.0010
73,0,2.6280,0.0010
35,0,2.6290,0.0010
8,0,2.6300,0.0010
73,0,2.6310,0.0010
73,0,2.6320,0.0010
8,0,2.6330,0.0010
73,0,2.6340,0.0010
35,0,2.6350,0.0010
35,0,2.6370,0.0020
7,0,2.6380,0.0010
35,0,2.6390,0.0010
35,0,2.6400,0.0010
35,0,2.6410,0.0010
140,0,2.6470,0.0060
430,0,2.6740,0.0270
44,0,2.7010,0.0270
15,0,2.7340,0.0330
15,0,2.7520,0.0180
15,0,2.7760,0.0240
