SysID,Thread ID,time,inetrval
14,0,0.0830,0.0830
35,0,0.1060,0.0230
35,0,0.1160,0.0100
35,0,0.2160,0.1000
80,0,0.2290,0.0130
80,0,0.2300,0.0010
35,0,0.2350,0.0050
80,0,0.2360,0.0010
35,0,0.2400,0.0040
80,0,0.2410,0.0010
18,0,0.2440,0.0030
18,0,0.2450,0.0010
15,0,0.2460,0.0010
33,0,0.2470,0.0010
18,0,0.2700,0.0230
35,0,0.3110,0.0410
18,0,0.3130,0.0020
23,0,0.3140,0.0010
15,0,0.3150,0.0010
18,0,0.3170,0.0020
23,0,0.3180,0.0010
15,0,0.3190,0.0010
37,0,0.3320,0.0130
353,0,0.3420,0.0100
172,0,0.3450,0.0030
204,0,0.3460,0.0010
415,0,0.3470,0.0010
195,0,0.3520,0.0050
201,0,0.3530,0.0010
144,0,0.3540,0.0010
195,0,0.3550,0.0010
415,0,0.3590,0.0040
415,0,0.3600,0.0010
80,0,0.3810,0.0210
55,0,0.4130,0.0320
40,0,0.4230,0.0100
49,0,0.4500,0.0270
80,0,0.4650,0.0150
80,0,0.4660,0.0010
80,0,0.4670,0.0010
80,0,0.4700,0.0030
80,0,0.4730,0.0030
346,0,0.4820,0.0090
346,0,0.4830,0.0010
80,0,0.5190,0.0360
367,0,0.5480,0.0290
15,0,0.5500,0.0020
67,2,0.5570,0.0070
55,0,0.5620,0.0050
40,0,0.5690,0.0070
1,2,0.5700,0.0010
467,2,0.5840,0.0140
49,0,0.5850,0.0010
80,0,0.6220,0.0370
80,0,0.6240,0.0020
35,2,0.6300,0.0060
80,0,0.6310,0.0010
35,2,0.6320,0.0010
35,2,0.6330,0.0010
40,0,0.6340,0.0010
49,0,0.6390,0.0050
80,0,0.6420,0.0030
80,0,0.6460,0.0040
80,0,0.6490,0.0030
80,0,0.6510,0.0020
28,2,0.6530,0.0020
14,2,0.6590,0.0060
80,0,0.6600,0.0010
80,0,0.6690,0.0090
467,2,0.6720,0.0030
24,0,0.6770,0.0050
367,0,0.7040,0.0270
35,2,0.7050,0.0010
67,3,0.7050,0.0010
1,3,0.7090,0.0040
35,2,0.7110,0.0020
35,2,0.7130,0.0020
35,2,0.7150,0.0020
464,0,0.7260,0.0110
35,2,0.7270,0.0010
35,2,0.7280,0.0010
24,3,0.7300,0.0020
18,3,0.7410,0.0110
464,2,0.7430,0.0020
23,3,0.7440,0.0010
24,3,0.7480,0.0040
24,3,0.7490,0.0010
112,3,0.7630,0.0140
467,3,0.7640,0.0010
112,0,0.7720,0.0080
367,3,0.7740,0.0020
35,3,0.7750,0.0010
464,0,0.7770,0.0020
112,2,0.7790,0.0020
35,3,0.7800,0.0010
1,4,0.7850,0.0050
464,4,0.7950,0.0100
464,2,0.8020,0.0070
355,0,0.8230,0.0210
112,3,0.8240,0.0010
24,3,0.8350,0.0110
355,0,0.8370,0.0020
18,0,0.8490,0.0120
23,0,0.8510,0.0020
112,3,0.8640,0.0130
464,0,0.8720,0.0080
112,2,0.8730,0.0010
35,3,0.8900,0.0170
112,4,0.8910,0.0010
35,2,0.8960,0.0050
464,3,0.8970,0.0010
35,2,0.9000,0.0030
24,0,0.9010,0.0010
35,2,0.9020,0.0010
24,3,0.9030,0.0010
35,2,0.9040,0.0010
35,2,0.9060,0.0020
464,0,0.9080,0.0020
35,3,0.9100,0.0020
35,2,0.9160,0.0060
35,2,0.9180,0.0020
80,2,0.9190,0.0010

80,2,0.9190,0.0010
467,2,0.9200,0.0010
35,3,0.9320,0.0120
35,3,0.9340,0.0020
35,3,0.9480,0.0140
61,0,0.9560,0.0080
35,3,0.9590,0.0030
35,3,0.9650,0.0060
51,0,0.9710,0.0060
74,0,0.9720,0.0010
40,0,0.9730,0.0010
35,3,0.9750,0.0020
80,0,0.9760,0.0010
35,3,0.9760,0.0010
80,0,0.9790,0.0030
80,0,0.9800,0.0010
35,3,0.9810,0.0010
35,2,0.9820,0.0010
35,3,0.9830,0.0010
15,0,0.9840,0.0010
4,0,0.9870,0.0030
76,0,1.0040,0.0170
76,0,1.0080,0.0040
414,0,1.0110,0.0030
14,0,1.0120,0.0010
414,0,1.0210,0.0090
24,0,1.0580,0.0370
30,0,1.0590,0.0010
24,0,1.0600,0.0010
73,0,1.1230,0.0630
73,0,1.1270,0.0040
24,0,1.1320,0.0050
24,0,1.1410,0.0090
24,0,1.1570,0.0160
18,0,1.2000,0.0430
23,0,1.2040,0.0040
23,0,1.2150,0.0110
24,0,1.2360,0.0210
35,0,1.2520,0.0160
414,0,1.2740,0.0220
414,0,1.2880,0.0140
451,0,1.3100,0.0220
451,0,1.3300,0.0200
451,0,1.3330,0.0030
451,0,1.3470,0.0140
414,0,1.3490,0.0020
451,0,1.3570,0.0080
14,0,1.3670,0.0100
415,0,1.3760,0.0090
14,0,1.3790,0.0030
67,0,1.3800,0.0010
35,0,1.3890,0.0090
35,0,1.3900,0.0010
35,0,1.3910,0.0010
24,0,1.4170,0.0260
24,0,1.4180,0.0010
24,0,1.4330,0.0150
246,0,1.4470,0.0140
246,0,1.4480,0.0010
33,0,1.4710,0.0230
18,0,1.4720,0.0010
18,0,1.4730,0.0010
15,0,1.4740,0.0010
18,0,1.4770,0.0030
18,0,1.4780,0.0010
18,0,1.4790,0.0010
18,0,1.4880,0.0090
33,0,1.4890,0.0010
18,0,1.4900,0.0010
18,0,1.4910,0.0010
23,0,1.4930,0.0020
15,0,1.4970,0.0040
15,0,1.4980,0.0010
18,0,1.5010,0.0030
23,0,1.5020,0.0010
23,0,1.5030,0.0010
15,0,1.5140,0.0110
7,0,1.5340,0.0200
18,0,1.5370,0.0030
15,0,1.5380,0.0010
18,0,1.5390,0.0010
73,0,1.6490,0.1100
7,0,1.6510,0.0020
296,0,1.6820,0.0310
33,0,1.6830,0.0010
15,0,1.6860,0.0030
288,0,1.6960,0.0100
22,0,1.7050,0.0090
288,0,1.7060,0.0010
22,0,1.7160,0.0100
23,0,1.7280,0.0120
23,0,1.7340,0.0060
22,0,1.7500,0.0160
22,0,1.7850,0.0350
18,0,1.7870,0.0020
22,0,1.7890,0.0020
22,0,1.7910,0.0020
18,0,1.8030,0.0120
22,0,1.8070,0.0040
288,0,1.8080,0.0010
18,0,1.8090,0.0010
15,0,1.8120,0.0030
72,0,1.8160,0.0040
23,0,1.8210,0.0050
23,0,1.8240,0.0030
22,0,1.8390,0.0150
281,0,1.8440,0.0050
23,0,1.8460,0.0020
22,0,1.8490,0.0030
23,0,1.8500,0.0010
22,0,1.8510,0.0010
22,0,1.8550,0.0040
23,0,1.8580,0.0030
15,0,1.8670,0.0090
22,0,1.8680,0.0010
288,0,1.8690,0.0010
23,0,1.8700,0.0010
15,0,1.8710,0.0010
4,0,1.8720,0.0010
296,0,1.8780,0.0060
25,0,1.8800,0.0020
72,0,1.8910,0.0110
22,0,1.8950,0.0040
23,0,1.8960,0.0010
281,0,1.8980,0.0020
23,0,1.8990,0.0010
22,0,1.9000,0.0010
22,0,1.9030,0.0030
23,0,1.9040,0.0010
23,0,1.9070,0.0030
23,0,1.9090,0.0020
23,0,1.9110,0.0020
23,0,1.9120,0.0010
23,0,1.9130,0.0010
23,0,1.9140,0.0010
23,0,1.9160,0.0020
23,0,1.9190,0.0030
15,0,1.9210,0.0020
22,0,1.9220,0.0010
23,0,1.9230,0.0010
15,0,1.9240,0.0010
15,0,1.9250,0.0010
15,0,1.9320,0.0070
54,0,1.9360,0.0040
54,0,1.9370,0.0010
25,0,1.9390,0.0020
22,0,1.9410,0.0020
23,0,1.9440,0.0030
23,0,1.9460,0.0020
15,0,1.9470,0.0010
60,0,1.9630,0.0160
4,0,2.0330,0.0700
37,0,2.0650,0.0320
55,0,2.0720,0.0070
61,0,2.0750,0.0030
51,0,2.0760,0.0010
49,0,2.0780,0.0020
80,0,2.0840,0.0060
15,0,2.0850,0.0010
76,0,2.0880,0.0030
451,0,2.0950,0.0070
22,0,2.1050,0.0100
23,0,2.1060,0.0010
15,0,2.1070,0.0010
14,0,2.1090,0.0020
72,0,2.1170,0.0080
37,0,2.1260,0.0090
55,0,2.1270,0.0010
61,0,2.1340,0.0070
49,0,2.1360,0.0020
80,0,2.1370,0.0010
80,3,2.1380,0.0010
451,0,2.1580,0.0200
451,0,2.1600,0.0020
451,0,2.1670,0.0070
451,0,2.1680,0.0010
24,0,2.1730,0.0050
72,0,2.1840,0.0110
80,0,2.1920,0.0080
37,0,2.2000,0.0080
55,0,2.2010,0.0010
49,0,2.2020,0.0010
80,0,2.2030,0.0010
14,3,2.2040,0.0010
80,0,2.2100,0.0060
355,0,2.2420,0.0320
72,0,2.2510,0.0090
201,0,2.2520,0.0010
435,0,2.2550,0.0030
144,0,2.2590,0.0040
442,0,2.2710,0.0120
355,0,2.2800,0.0090
442,0,2.2840,0.0040
355,0,2.2850,0.0010
355,0,2.3080,0.0230
430,0,2.3380,0.0300
85,0,2.3480,0.0100
72,0,2.3540,0.0060
7,0,2.3550,0.0010
15,0,2.3560,0.0010
72,0,2.3590,0.0030
72,0,2.3610,0.0020
339,0,2.3630,0.0020
18,0,2.3660,0.0030
22,0,2.3690,0.0030
22,0,2.3710,0.0020
14,0,2.3750,0.0040
339,0,2.3820,0.0070
22,0,2.3960,0.0140
29,0,2.3970,0.0010
22,0,2.4070,0.0100
22,0,2.4080,0.0010
18,0,2.4090,0.0010
23,0,2.4120,0.0030
23,0,2.4150,0.0030
15,0,2.4170,0.0020
15,0,2.4180,0.0010
22,0,2.4230,0.0050
22,0,2.4240,0.0010
22,0,2.4250,0.0010
22,0,2.4260,0.0010
23,0,2.4270,0.0010
15,0,2.4300,0.0030
15,0,2.4310,0.0010
80,0,2.4940,0.0630
22,0,2.5170,0.0230
22,0,2.5180,0.0010
22,0,2.5190,0.0010
23,0,2.5230,0.0040
23,0,2.5260,0.0030
23,0,2.5280,0.0020
23,0,2.5290,0.0010
23,0,2.5300,0.0010
23,0,2.5340,0.0040
23,0,2.5360,0.0020
23,0,2.5380,0.0020
72,0,2.5580,0.0200
80,0,2.5720,0.0140
54,0,2.5760,0.0040
24,0,2.5830,0.0070
22,0,2.5870,0.0040
23,0,2.5910,0.0040
15,0,2.5940,0.0030
72,0,2.6020,0.0080
18,0,2.6480,0.0460
18,0,2.6500,0.0020
18,0,2.6510,0.0010
23,0,2.6520,0.0010
15,0,2.6540,0.0020
18,0,2.6560,0.0020
15,0,2.6570,0.0010
18,0,2.6650,0.0080
18,0,2.6660,0.0010
33,0,2.6810,0.0150
88,0,2.6860,0.0050
347,0,2.6870,0.0010
347,0,2.6880,0.0010
36,0,2.6890,0.0010
296,0,2.6900,0.0010
33,0,2.6950,0.0050
33,0,2.6980,0.0030
33,0,2.6990,0.0010
33,0,2.7000,0.0010
33,0,2.7010,0.0010
33,0,2.7020,0.0010
33,0,2.7700,0.0680
33,0,2.7710,0.0010
24,0,2.7720,0.0010
33,0,2.7750,0.0030
15,0,2.8030,0.0280
15,0,2.8040,0.0010
22,0,2.8120,0.0080
18,0,2.8130,0.0010
54,0,2.8140,0.0010
25,0,2.8150,0.0010
25,0,2.8160,0.0010
451,0,2.8210,0.0050
451,0,2.8220,0.0010
451,0,2.8270,0.0050
22,0,2.8290,0.0020
23,0,2.8310,0.0020
15,0,2.8320,0.0010
72,0,2.8360,0.0040
60,0,2.8410,0.0050
33,0,2.8610,0.0200
33,0,2.8650,0.0040
15,0,2.8660,0.0010
33,0,2.8690,0.0030
33,0,2.8720,0.0030
33,0,2.8740,0.0020
15,0,2.8760,0.0020
33,0,2.9350,0.0590
122,0,2.9410,0.0060
137,0,2.9430,0.0020
24,0,2.9860,0.0430
140,0,2.9930,0.0070
140,0,3.0920,0.0990
37,0,3.2680,0.1760
49,0,3.2700,0.0020
367,0,3.2710,0.0010
414,0,3.2720,0.0010
14,0,3.2790,0.0070
36,0,3.3490,0.0700
36,0,3.3510,0.0020
72,0,3.3610,0.0100
7,0,3.3620,0.0010
15,0,3.3630,0.0010
72,0,3.3660,0.0030
24,0,3.4210,0.0550
36,0,3.4500,0.0290
36,0,3.4600,0.0100
33,0,3.4630,0.0030
121,0,3.4640,0.0010
137,0,3.4650,0.0010
141,0,3.4740,0.0090
24,0,3.5250,0.0510
7,5,3.5700,0.0450
4,0,3.5980,0.0280
14,5,3.6050,0.0070
448,5,3.6060,0.0010
72,5,3.6140,0.0080
137,5,3.6170,0.0030
140,5,3.6180,0.0010
367,5,3.6280,0.0100
7,6,3.6360,0.0080
448,6,3.6370,0.0010
67,6,3.6440,0.0070
1,6,3.6530,0.0090
36,5,3.6540,0.0010
467,6,3.6540,0.0010
13,5,3.6550,0.0010
467,6,3.6560,0.0010
127,5,3.6570,0.0010
13,5,3.6590,0.0020
140,5,3.6650,0.0060
72,6,3.6670,0.0020
60,6,3.6700,0.0030
137,6,3.6740,0.0040
467,5,3.6750,0.0010
140,6,3.7320,0.0570
137,5,3.7380,0.0060
467,6,3.7400,0.0020
24,5,3.7400,0.0020
140,5,3.7410,0.0010
367,5,3.8490,0.1080
467,6,3.8500,0.0010
36,5,3.8520,0.0020
33,5,3.8530,0.0010
122,5,3.8540,0.0010
467,5,3.8550,0.0010
140,6,3.8570,0.0020
467,6,3.8580,0.0010
137,5,3.8580,0.0010
125,5,3.8720,0.0140
140,5,3.8760,0.0040
138,0,3.8790,0.0030
467,5,3.8840,0.0050
137,0,3.8870,0.0030
36,0,3.9240,0.0370
36,0,3.9280,0.0040
36,0,3.9370,0.0090
13,0,3.9380,0.0010
72,0,3.9600,0.0220
72,0,3.9620,0.0020
72,0,3.9630,0.0010
201,0,3.9710,0.0080
140,0,4.0010,0.0300
72,0,4.0030,0.0020
355,0,4.0040,0.0010
442,0,4.0070,0.0030
15,0,4.0080,0.0010
4,0,4.0160,0.0080
22,0,4.0540,0.0380
23,0,4.0560,0.0020
23,0,4.0590,0.0030
15,0,4.0600,0.0010
22,0,4.0650,0.0050
23,0,4.0670,0.0020
23,0,4.0690,0.0020
15,0,4.0700,0.0010
22,0,4.0720,0.0020
22,0,4.0740,0.0020
23,0,4.0750,0.0010
15,0,4.0760,0.0010
22,0,4.0830,0.0070
23,0,4.0850,0.0020
23,0,4.0860,0.0010
23,0,4.0870,0.0010
15,0,4.0920,0.0050
24,0,4.1360,0.0440
18,0,4.1750,0.0390
51,0,4.1840,0.0090
74,0,4.1850,0.0010
40,0,4.1860,0.0010
35,0,4.2010,0.0150
35,0,4.2050,0.0040
35,0,4.2150,0.0100
35,0,4.2170,0.0020
35,0,4.2220,0.0050
73,0,4.2960,0.0740
8,0,4.3160,0.0200
35,0,4.3240,0.0080
73,0,4.3260,0.0020
7,0,4.3300,0.0040
8,0,4.3320,0.0020
72,0,4.3370,0.0050
72,0,4.3450,0.0080
7,0,4.3460,0.0010
4,0,4.3480,0.0020
144,5,4.3570,0.0090
138,5,4.3600,0.0030
137,5,4.3610,0.0010
72,5,4.3880,0.0270
14,5,4.3950,0.0070
15,0,4.3990,0.0040
35,0,4.4030,0.0040
35,0,4.4060,0.0030
35,0,4.4090,0.0030
140,5,4.4130,0.0040
7,0,4.4160,0.0030
467,5,4.4180,0.0020
72,0,4.4190,0.0010
144,5,4.4200,0.0010
72,0,4.4210,0.0010
7,0,4.4220,0.0010
4,0,4.4250,0.0030
72,0,4.4260,0.0010
7,0,4.4270,0.0010
140,0,4.4300,0.0030
24,0,9.0540,4.6240
23,0,9.0680,0.0140
85,0,9.0830,0.0150
74,0,9.0870,0.0040
40,0,9.0910,0.0040
15,0,9.0920,0.0010
18,0,9.0980,0.0060
35,0,9.1300,0.0320
73,0,9.1330,0.0030
4,0,9.1340,0.0010
35,0,9.1360,0.0020
73,0,9.1370,0.0010
35,0,9.1380,0.0010
52,0,9.1410,0.0030
35,0,10.1460,1.0050
73,0,10.1490,0.0030
144,5,13.6560,3.5070
14,5,13.6580,0.0020
35,0,13.6610,0.0030
72,0,13.6620,0.0010
144,5,17.6690,4.0070
15,0,17.6700,0.0010
144,5,21.6590,3.9890
73,0,21.6600,0.0010
35,0,21.6610,0.0010
73,0,21.6630,0.0020
35,0,21.6640,0.0010
144,5,21.6720,0.0080
467,5,21.6730,0.0010467,5,21.6730,0.0010
7,0,21.6740,0.0010
144,5,21.6810,0.0070
137,5,21.6820,0.0010
144,5,21.6900,0.0080
7,0,21.6910,0.0010
296,0,26.2410,4.5500
33,0,26.2420,0.0010
15,0,26.2430,0.0010
37,0,26.2460,0.0030
74,0,26.2470,0.0010
49,0,26.2480,0.0010
80,0,26.2490,0.0010
14,0,26.2590,0.0100
4,0,26.2710,0.0120
73,0,26.2720,0.0010
35,0,27.2750,1.0030
144,5,27.2840,0.0090
140,5,27.2850,0.0010
144,5,27.2930,0.0080
138,5,27.2940,0.0010
144,5,27.3030,0.0090
4,0,31.8580,4.5550
35,0,31.8590,0.0010
35,0,32.8540,0.9950
144,5,32.8640,0.0100
35,0,32.8650,0.0010

35,0,32.8650,0.0010
144,5,32.8750,0.0100
144,5,32.8850,0.0100
140,0,32.8860,0.0010
4,0,37.4400,4.5540
7,0,37.4410,0.0010
35,0,38.4350,0.9940
144,5,38.4480,0.0130
7,0,38.4490,0.0010
144,5,38.4610,0.0120
35,0,38.4620,0.0010
144,5,38.4740,0.0120
14,5,38.4750,0.0010
