SysID,Thread ID,time,inetrval
14,0,0.2000,0.2000
35,0,0.2280,0.0280
35,0,0.2390,0.0110
35,0,0.3500,0.1110
80,0,0.3640,0.0140
80,0,0.3650,0.0010
35,0,0.3700,0.0050
35,0,0.3740,0.0040
18,0,0.3770,0.0030
18,0,0.3780,0.0010
15,0,0.3790,0.0010
33,0,0.3800,0.0010
18,0,0.4060,0.0260
35,0,0.4570,0.0510
18,0,0.4590,0.0020
15,0,0.4600,0.0010
18,0,0.4630,0.0030
23,0,0.4640,0.0010
15,0,0.4650,0.0010
37,0,0.4780,0.0130
353,0,0.4890,0.0110
172,0,0.4920,0.0030
204,0,0.4930,0.0010
415,0,0.4940,0.0010
195,0,0.5000,0.0060
144,0,0.5010,0.0010
195,0,0.5020,0.0010
415,0,0.5080,0.0060
415,0,0.5090,0.0010
80,0,0.5320,0.0230
55,0,0.5640,0.0320
40,0,0.5750,0.0110
49,0,0.6050,0.0300
80,0,0.6100,0.0050
80,0,0.6120,0.0020
80,0,0.6130,0.0010
80,0,0.6170,0.0040
80,0,0.6230,0.0060
346,0,0.6330,0.0100
80,0,0.6710,0.0380
55,0,0.6840,0.0130
49,0,0.6950,0.0110
80,0,0.6960,0.0010
367,0,0.7150,0.0190
15,0,0.7170,0.0020
67,2,0.7240,0.0070
1,2,0.7420,0.0180
15,0,0.7500,0.0080
467,2,0.7510,0.0010
367,2,0.7700,0.0190
67,3,0.7710,0.0010
35,2,0.7820,0.0110
55,0,0.7880,0.0060
24,3,0.7960,0.0080
464,0,0.8140,0.0180
35,2,0.8150,0.0010
35,2,0.8360,0.0210
112,3,0.8400,0.0040
467,3,0.8410,0.0010
35,2,0.8420,0.0010
40,0,0.8490,0.0070
35,2,0.8500,0.0010
35,3,0.8530,0.0030
49,0,0.8540,0.0010
35,3,0.8550,0.0010
80,0,0.8560,0.0010
35,2,0.8570,0.0010
35,2,0.8580,0.0010
35,3,0.8590,0.0010
80,0,0.8600,0.0010
35,2,0.8640,0.0040
24,0,0.8680,0.0040
35,3,0.8730,0.0050
467,2,0.8890,0.0160
35,3,0.8950,0.0060
18,0,0.9000,0.0050
24,0,0.9050,0.0050
24,0,0.9060,0.0010
35,3,0.9090,0.0030
14,3,0.9150,0.0060
467,3,0.9190,0.0040
35,3,0.9200,0.0010
35,3,0.9210,0.0010
35,3,0.9240,0.0030
49,0,0.9260,0.0020
464,3,0.9280,0.0020
112,0,0.9300,0.0020
464,3,0.9390,0.0090
112,0,0.9400,0.0010
49,0,0.9440,0.0040
80,0,0.9460,0.0020
80,0,0.9470,0.0010
80,0,0.9520,0.0050
80,0,0.9620,0.0100
464,0,0.9630,0.0010
112,3,0.9640,0.0010
24,0,0.9690,0.0050
112,3,0.9700,0.0010
35,3,0.9840,0.0140
35,3,0.9930,0.0090
35,3,1.0060,0.0130
35,2,1.0100,0.0040
35,2,1.0100,0.0040
35,3,1.0110,0.0010
35,2,1.0120,0.0010
35,2,1.0120,0.0010
35,4,1.0150,0.0030
35,2,1.0150,0.0030
467,3,1.0160,0.0010
49,0,1.0180,0.0020
80,0,1.0190,0.0010
80,0,1.0190,0.0010
80,0,1.0250,0.0060
35,4,1.0260,0.0010
35,4,1.0260,0.0010
35,4,1.0270,0.0010
24,0,1.0290,0.0020
35,2,1.0310,0.0020
367,0,1.0330,0.0020
35,3,1.0350,0.0020
35,3,1.0370,0.0020
35,3,1.0370,0.0020
35,3,1.0380,0.0010
35,4,1.0380,0.0010
35,2,1.0410,0.0030
35,3,1.0420,0.0010
35,2,1.0430,0.001035,4,1.0430,0.0010
35,2,1.0480,0.0050
80,0,1.0490,0.0010
80,0,1.0520,0.0030
367,0,1.0530,0.0010
35,3,1.0570,0.0040
35,2,1.0620,0.0050
35,2,1.0620,0.0050
35,2,1.0640,0.0020
28,4,1.0660,0.0020
35,3,1.0680,0.0020
35,3,1.0690,0.0010
35,3,1.0690,0.0010
35,2,1.0700,0.0010
40,0,1.0710,0.0010
35,3,1.0710,0.0010
35,4,1.0730,0.0020
49,0,1.0740,0.0010
28,2,1.0790,0.0050

5,4,1.0800,0.0010
35,2,1.0800,0.0010
35,3,1.0810,0.0010
35,3,1.0820,0.0010
35,3,1.0820,0.0010
35,0,1.0830,0.0010
4,0,1.0840,0.0010
14,3,1.0850,0.0010
467,3,1.0920,0.0070
76,0,1.1150,0.0230
76,0,1.1200,0.0050
76,0,1.1210,0.0010
414,0,1.1250,0.0040
14,0,1.1260,0.0010
414,0,1.1350,0.0090
35,0,1.1560,0.0210
35,0,1.1610,0.0050
35,0,1.1670,0.0060
35,0,1.1800,0.0130
35,0,1.1830,0.0030
35,0,1.1890,0.0060
35,0,1.1920,0.0030
24,0,1.1950,0.0030
24,0,1.2100,0.0150
73,0,1.2200,0.0100
73,0,1.2220,0.0020
35,0,1.2650,0.0430
18,0,1.2740,0.0090
23,0,1.2770,0.0030
23,0,1.2900,0.0130
24,0,1.3270,0.0370
24,0,1.3310,0.0040
414,0,1.3630,0.0320
35,0,1.4110,0.0480
35,0,1.4130,0.0020
35,0,1.4140,0.0010
35,0,1.4160,0.0020
35,0,1.4170,0.0010
35,0,1.4190,0.0020
35,0,1.4200,0.0010
35,0,1.4220,0.0020
35,0,1.4240,0.0020
35,0,1.4250,0.0010
414,0,1.6660,0.2410
414,0,1.6790,0.0130
35,0,1.7150,0.0360
288,0,1.7710,0.0560
22,0,1.7800,0.0090
288,0,1.7820,0.0020
23,0,1.7940,0.0120
28,0,1.8110,0.0170
15,0,1.8120,0.0010
22,0,1.8150,0.0030
22,0,1.8160,0.0010
23,0,1.8180,0.0020
355,0,1.8540,0.0360
72,0,1.8660,0.0120
201,0,1.8680,0.0020
435,0,1.8700,0.0020
144,0,1.8740,0.0040
442,0,1.8870,0.0130
355,0,1.8960,0.0090
442,0,1.9010,0.0050
355,0,1.9030,0.0020
355,0,1.9330,0.0300
33,0,1.9500,0.0170
33,0,1.9520,0.0020
22,0,1.9590,0.0070
288,0,1.9600,0.0010
408,0,1.9610,0.0010
22,0,1.9670,0.0060
18,0,1.9690,0.0020
15,0,1.9700,0.0010
22,0,1.9720,0.0020
22,0,1.9730,0.0010
18,0,1.9830,0.0100
22,0,1.9920,0.0090
22,0,1.9980,0.0060
72,0,2.0020,0.0040
281,0,2.0060,0.0040
36,0,2.0110,0.0050
33,0,2.0150,0.0040
18,0,2.0160,0.0010
22,0,2.0180,0.0020
22,0,2.0200,0.0020
33,0,2.0220,0.0020
33,0,2.0230,0.0010
18,0,2.0330,0.0100
22,0,2.0340,0.0010
33,0,2.0350,0.0010
35,0,2.0660,0.0310
22,0,2.0720,0.0060
451,0,2.0840,0.0120
451,0,2.0970,0.0130
451,0,2.1000,0.0030
451,0,2.1060,0.0060
72,0,2.1130,0.0070
72,0,2.1140,0.0010
72,0,2.1160,0.0020
64,0,2.1230,0.0070
451,0,2.1260,0.0030
451,0,2.1270,0.0010
451,0,2.1280,0.0010
451,0,2.1350,0.0070
451,0,2.1390,0.0040
414,0,2.1430,0.0040
35,0,2.1600,0.0170
61,0,2.1830,0.0230
51,0,2.1860,0.0030
74,0,2.1870,0.0010
40,0,2.1880,0.0010
42,0,2.1900,0.0020
15,0,2.1910,0.0010
22,0,2.2300,0.0390
414,0,2.2350,0.0050
451,0,2.2760,0.0410
451,0,2.2770,0.0010
451,0,2.3510,0.0740
414,0,2.3540,0.0030
24,0,2.3720,0.0180
30,0,2.3730,0.0010
24,0,2.3740,0.0010
73,0,2.4220,0.0480
73,0,2.4240,0.0020
24,0,2.4250,0.0010
24,0,2.4290,0.0040
24,0,2.4420,0.0130
24,0,2.4840,0.0420
35,0,2.5000,0.0160
414,0,2.5200,0.0200
451,0,2.5440,0.0240
451,0,2.5480,0.0040
451,0,2.5490,0.0010
451,0,2.5520,0.0030
414,0,2.5540,0.0020
451,0,2.5590,0.0050
451,0,2.5600,0.0010
25,0,2.5610,0.0010
25,0,2.5620,0.0010
451,0,2.5660,0.0040
451,0,2.5670,0.0010
191,0,2.5720,0.0050
191,0,2.5730,0.0010
72,0,2.5830,0.0100
51,0,2.5930,0.0100
7,0,2.5950,0.0020
35,0,2.5990,0.0040
14,0,2.6030,0.0040
415,0,2.6090,0.0060
14,0,2.6100,0.0010
448,0,2.6110,0.0010
67,0,2.6120,0.0010
24,0,2.6420,0.0300
24,0,2.6480,0.0060
35,0,2.6570,0.0090
35,0,2.6580,0.0010
35,0,2.6590,0.0010
451,0,2.6780,0.0190
33,0,2.6900,0.0120
140,0,2.7000,0.0100
33,0,2.7160,0.0160
18,0,2.7190,0.0030
15,0,2.7200,0.0010
18,0,2.7220,0.0020
23,0,2.7230,0.0010
15,0,2.7240,0.0010
18,0,2.7320,0.0080
23,0,2.7330,0.0010
15,0,2.7340,0.0010
18,0,2.7350,0.0010
18,0,2.7440,0.0090
18,0,2.7450,0.0010
50,0,2.7470,0.0020
15,0,2.7480,0.0010
18,0,2.7680,0.0200
23,0,2.7700,0.0020
7,0,2.9190,0.1490
246,0,2.9240,0.0050
33,0,2.9480,0.0240
18,0,2.9490,0.0010
18,0,2.9520,0.0030
33,0,2.9530,0.0010
18,0,2.9540,0.0010
15,0,2.9550,0.0010
18,0,2.9620,0.0070
33,0,2.9630,0.0010
18,0,2.9640,0.0010
18,0,2.9660,0.0020
23,0,2.9670,0.0010
15,0,2.9710,0.0040
15,0,2.9720,0.0010
18,0,2.9750,0.0030
23,0,2.9760,0.0010
23,0,2.9770,0.0010
15,0,2.9870,0.0100
18,0,2.9910,0.0040
18,0,2.9930,0.0020
23,0,3.0250,0.0320
355,0,3.0670,0.0420
442,0,3.0690,0.0020
355,0,3.0710,0.0020
355,0,3.0900,0.0190
430,0,3.1190,0.0290
85,0,3.1300,0.0110
74,0,3.1380,0.0080
40,0,3.1420,0.0040
28,0,3.1450,0.0030
15,0,3.1460,0.0010
18,0,3.1520,0.0060
296,0,3.2070,0.0550
65,0,3.2090,0.0020
296,0,3.2100,0.0010
37,0,3.2260,0.0160
55,0,3.2290,0.0030
61,0,3.2320,0.0030
51,0,3.2390,0.0070
74,0,3.2400,0.0010
40,0,3.2410,0.0010
49,0,3.2430,0.0020
367,0,3.2440,0.0010
80,3,3.2450,0.0010
4,0,3.2460,0.0010
76,0,3.2480,0.0020
414,0,3.2490,0.0010
451,0,3.2820,0.0330
451,0,3.2880,0.0060
451,0,3.2900,0.0020
24,0,3.3550,0.0650
24,0,3.3760,0.0210
14,0,3.3810,0.0050
80,0,3.3820,0.0010
80,0,3.3920,0.0100
54,0,3.3960,0.0040
24,0,3.4030,0.0070
22,0,3.4070,0.0040
23,0,3.4140,0.0070
15,0,3.4190,0.0050
72,0,3.4270,0.0080
18,0,3.4790,0.0520
18,0,3.4810,0.0020
18,0,3.4820,0.0010
23,0,3.4830,0.0010
15,0,3.4850,0.0020
18,0,3.4870,0.0020
15,0,3.4880,0.0010
18,0,3.4960,0.0080
18,0,3.4980,0.0020
33,0,3.5120,0.0140
88,0,3.5170,0.0050
347,0,3.5180,0.0010
347,0,3.5190,0.0010
36,0,3.5200,0.0010
296,0,3.5210,0.0010
33,0,3.5260,0.0050
33,0,3.5280,0.0020
33,0,3.5290,0.0010
33,0,3.5300,0.0010
33,0,3.5310,0.0010
33,0,3.5320,0.0010
33,0,3.6000,0.0680
33,0,3.6020,0.0020
24,0,3.6130,0.0110
15,0,3.6230,0.0100
15,0,3.6240,0.0010
22,0,3.6290,0.0050
54,0,3.6310,0.0020
25,0,3.6320,0.0010
451,0,3.6380,0.0060
451,0,3.6420,0.0040
22,0,3.6440,0.0020
23,0,3.6460,0.0020
15,0,3.6470,0.0010
72,0,3.6660,0.0190
60,0,3.6720,0.0060
33,0,3.7940,0.1220
122,0,3.8010,0.0070
137,0,3.8020,0.0010
24,0,3.8420,0.0400
140,0,3.8490,0.0070
140,0,3.8950,0.0460
24,0,3.9340,0.0390
24,0,3.9470,0.0130
24,0,3.9480,0.0010
24,0,3.9490,0.0010
24,0,3.9500,0.0010
24,0,3.9530,0.0030
24,0,3.9540,0.0010
140,0,3.9690,0.0150
24,0,4.0000,0.0310
24,0,4.0030,0.0030
24,0,4.0040,0.0010
24,0,4.0050,0.0010
24,0,4.0060,0.0010
30,0,4.0300,0.0240
30,0,4.0320,0.0020
24,0,4.0370,0.0050
30,0,4.0400,0.0030
24,0,4.0410,0.0010
24,0,4.0630,0.0220
24,0,4.0650,0.0020
24,0,4.0670,0.0020
24,0,4.0680,0.0010
24,0,4.0690,0.0010
24,0,4.0700,0.0010
24,0,4.0710,0.0010
24,0,4.0720,0.0010
24,0,4.0730,0.0010
24,0,4.0750,0.0020
24,0,4.0760,0.0010
7,0,4.1560,0.0800
8,0,4.1620,0.0060
7,0,4.1700,0.0080
7,0,4.1710,0.0010
7,0,4.1720,0.0010
7,0,4.1730,0.0010
7,0,4.1740,0.0010
7,0,4.1750,0.0010
7,0,4.1760,0.0010
8,0,4.1770,0.0010
7,0,4.1780,0.0010
7,0,4.1790,0.0010
7,0,4.1800,0.0010
7,0,4.1810,0.0010
7,0,4.1820,0.0010
7,0,4.1830,0.0010
7,0,4.1840,0.0010
8,0,4.1850,0.0010
7,0,4.1860,0.0010
7,0,4.1870,0.0010
7,0,4.1880,0.0010
7,0,4.1890,0.0010
7,0,4.1900,0.0010
7,0,4.1910,0.0010
7,0,4.1920,0.0010
7,0,4.1930,0.0010
7,0,4.1940,0.0010
7,0,4.1950,0.0010
7,0,4.1960,0.0010
7,0,4.1970,0.0010
7,0,4.1980,0.0010
7,0,4.1990,0.0010
7,0,4.2000,0.0010
7,0,4.2010,0.0010
7,0,4.2020,0.0010
7,0,4.2030,0.0010
7,0,4.2040,0.0010
7,0,4.2050,0.0010
8,0,4.2060,0.0010
7,0,4.2070,0.0010
7,0,4.2080,0.0010
7,0,4.2090,0.0010
7,0,4.2100,0.0010
7,0,4.2110,0.0010
7,0,4.2120,0.0010
7,0,4.2130,0.0010
7,0,4.2140,0.0010
7,0,4.2150,0.0010
7,0,4.2160,0.0010
7,0,4.2170,0.0010
7,0,4.2180,0.0010
7,0,4.2190,0.0010
7,0,4.2200,0.0010
7,0,4.2210,0.0010
7,0,4.2220,0.0010
7,0,4.2230,0.0010
7,0,4.2240,0.0010
8,0,4.2250,0.0010
7,0,4.2260,0.0010
7,0,4.2270,0.0010
7,0,4.2280,0.0010
7,0,4.2290,0.0010
7,0,4.2300,0.0010
7,0,4.2310,0.0010
7,0,4.2320,0.0010
7,0,4.2330,0.0010
7,0,4.2340,0.0010
7,0,4.2350,0.0010
7,0,4.2360,0.0010
7,0,4.2370,0.0010
7,0,4.2380,0.0010
7,0,4.2390,0.0010
8,0,4.2400,0.0010
7,0,4.2410,0.0010
7,0,4.2420,0.0010
8,0,4.2430,0.0010
7,0,4.2440,0.0010
7,0,4.2450,0.0010
7,0,4.2460,0.0010
7,0,4.2470,0.0010
7,0,4.2480,0.0010
7,0,4.2490,0.0010
7,0,4.2500,0.0010
8,0,4.2510,0.0010
7,0,4.2520,0.0010
7,0,4.2530,0.0010
7,0,4.2540,0.0010
7,0,4.2550,0.0010
7,0,4.2560,0.0010
7,0,4.2570,0.0010
7,0,4.2580,0.0010
7,0,4.2590,0.0010
8,0,4.2600,0.0010
7,0,4.2610,0.0010
7,0,4.2620,0.0010
7,0,4.2630,0.0010
7,0,4.2640,0.0010
7,0,4.2650,0.0010
7,0,4.2660,0.0010
8,0,4.2670,0.0010
7,0,4.2680,0.0010
7,0,4.2690,0.0010
7,0,4.2700,0.0010
7,0,4.2710,0.0010
7,0,4.2720,0.0010
8,0,4.2730,0.0010
7,0,4.2740,0.0010
7,0,4.2750,0.0010
7,0,4.2760,0.0010
7,0,4.2770,0.0010
7,0,4.2780,0.0010
7,0,4.2790,0.0010
7,0,4.2800,0.0010
7,0,4.2810,0.0010
7,0,4.2820,0.0010
7,0,4.2830,0.0010
7,0,4.2840,0.0010
7,0,4.2850,0.0010
7,0,4.2860,0.0010
7,0,4.2870,0.0010
7,0,4.2880,0.0010
7,0,4.2890,0.0010
7,0,4.2900,0.0010
7,0,4.2910,0.0010
7,0,4.2920,0.0010
7,0,4.2930,0.0010
7,0,4.2940,0.0010
7,0,4.2950,0.0010
7,0,4.2960,0.0010
7,0,4.2970,0.0010
7,0,4.2980,0.0010
7,0,4.2990,0.0010
7,0,4.3000,0.0010
7,0,4.3010,0.0010
7,0,4.3020,0.0010
7,0,4.3030,0.0010
7,0,4.3040,0.0010
7,0,4.3050,0.0010
7,0,4.3060,0.0010
7,0,4.3070,0.0010
7,0,4.3080,0.0010
7,0,4.3090,0.0010
7,0,4.3100,0.0010
7,0,4.3110,0.0010
8,0,4.3120,0.0010
7,0,4.3130,0.0010
7,0,4.3140,0.0010
7,0,4.3150,0.0010
7,0,4.3160,0.0010
7,0,4.3170,0.0010
7,0,4.3180,0.0010
7,0,4.3190,0.0010
7,0,4.3200,0.0010
7,0,4.3210,0.0010
7,0,4.3220,0.0010
7,0,4.3230,0.0010
7,0,4.3240,0.0010
8,0,4.3250,0.0010
7,0,4.3260,0.0010
7,0,4.3270,0.0010
7,0,4.3280,0.0010
7,0,4.3290,0.0010
7,0,4.3300,0.0010
8,0,4.3310,0.0010
7,0,4.3320,0.0010
7,0,4.3330,0.0010
7,0,4.3340,0.0010
7,0,4.3350,0.0010
7,0,4.3360,0.0010
7,0,4.3370,0.0010
7,0,4.3380,0.0010
7,0,4.3390,0.0010
7,0,4.3400,0.0010
7,0,4.3410,0.0010
7,0,4.3420,0.0010
7,0,4.3430,0.0010
7,0,4.3440,0.0010
7,0,4.3450,0.0010
8,0,4.3460,0.0010
7,0,4.3470,0.0010
7,0,4.3480,0.0010
7,0,4.3490,0.0010
7,0,4.3500,0.0010
7,0,4.3510,0.0010
7,0,4.3520,0.0010
7,0,4.3530,0.0010
7,0,4.3540,0.0010
7,0,4.3550,0.0010
7,0,4.3560,0.0010
7,0,4.3570,0.0010
30,0,4.3580,0.0010
30,0,4.3590,0.0010
30,0,4.3600,0.0010
80,0,4.3620,0.0020
24,0,4.3730,0.0110
24,0,4.3740,0.0010
24,0,4.3750,0.0010
15,0,4.3790,0.0040
15,0,4.3870,0.0080
37,0,4.4230,0.0360
55,0,4.4260,0.0030
49,0,4.4280,0.0020
80,0,4.4290,0.0010
80,0,4.4300,0.0010
76,0,4.4310,0.0010
14,0,4.4320,0.0010
346,0,4.4360,0.0040
44,0,4.4450,0.0090
13,0,4.5120,0.0670
13,0,4.5150,0.0030
15,0,4.5260,0.0110
15,0,4.5270,0.0010
15,0,4.5600,0.0330
15,0,4.5670,0.0070
13,0,4.5820,0.0150
15,0,4.6040,0.0220
15,0,4.6050,0.0010
15,0,4.6060,0.0010
15,0,4.6080,0.0020
15,0,4.6130,0.0050
15,0,4.6150,0.0020
15,0,4.6160,0.0010
15,0,4.6170,0.0010
15,0,4.6310,0.0140
15,0,4.6320,0.0010
15,0,4.6340,0.0020
15,0,4.6350,0.0010
15,0,4.7030,0.0680
