SysID,Thread ID,time,inetrval
14,0,0.0770,0.0770
35,0,0.1000,0.0230
35,0,0.1100,0.0100
35,0,0.2110,0.1010
80,0,0.2240,0.0130
80,0,0.2250,0.0010
35,0,0.2290,0.0040
35,0,0.2330,0.0040
18,0,0.2350,0.0020
18,0,0.2360,0.0010
23,0,0.2370,0.0010
33,0,0.2380,0.0010
18,0,0.2620,0.0240
35,0,0.3040,0.0420
18,0,0.3060,0.0020
15,0,0.3070,0.0010
18,0,0.3090,0.0020
23,0,0.3100,0.0010
15,0,0.3110,0.0010
37,0,0.3240,0.0130
353,0,0.3340,0.0100
172,0,0.3360,0.0020
204,0,0.3370,0.0010
415,0,0.3390,0.0020
195,0,0.3440,0.0050
144,0,0.3450,0.0010
195,0,0.3470,0.0020
415,0,0.3510,0.0040
415,0,0.3520,0.0010
80,0,0.3720,0.0200
55,0,0.4030,0.0310
40,0,0.4130,0.0100
49,0,0.4410,0.0280
80,0,0.4450,0.0040
80,0,0.4470,0.0020
80,0,0.4480,0.0010
80,0,0.4490,0.0010
80,0,0.4610,0.0120
80,0,0.4650,0.0040
346,0,0.4740,0.0090
346,0,0.4750,0.0010
80,0,0.5130,0.0380
55,0,0.5140,0.0010
49,0,0.5200,0.0060
80,0,0.5210,0.0010
80,0,0.5220,0.0010
367,0,0.5490,0.0270
15,0,0.5510,0.0020
67,2,0.5580,0.0070
1,2,0.5720,0.0140
55,0,0.5790,0.0070
24,0,0.5850,0.0060
467,2,0.5860,0.0010
40,0,0.6450,0.0590
49,0,0.6540,0.0090
80,0,0.6560,0.0020
80,0,0.6570,0.0010
80,0,0.6640,0.0070
35,2,0.6660,0.0020
55,0,0.6670,0.0010
49,0,0.6690,0.0020
35,2,0.6700,0.0010
367,0,0.6730,0.0030
15,0,0.6770,0.0040
15,0,0.6830,0.0060
1,3,0.6860,0.0030
28,2,0.6880,0.0020
367,3,0.7090,0.0210
35,3,0.7100,0.0010
15,0,0.7120,0.0020
35,3,0.7130,0.0010
24,4,0.7170,0.0040
35,3,0.7240,0.0070
35,3,0.7250,0.0010
35,4,0.7260,0.0010
35,4,0.7270,0.0010
35,4,0.7280,0.0010
24,0,0.7290,0.0010
35,3,0.7310,0.0020
35,3,0.7320,0.0010
464,2,0.7390,0.0070
35,4,0.7450,0.0060
18,0,0.7490,0.0040
23,0,0.7500,0.0010
464,3,0.7510,0.0010
24,0,0.7560,0.0050
35,4,0.7570,0.0010
35,4,0.7590,0.0020
35,4,0.7600,0.0010
35,4,0.7650,0.0050
35,4,0.7700,0.0050
112,0,0.7730,0.0030
40,0,0.7740,0.0010
112,2,0.7830,0.0090
35,4,0.7850,0.0020
464,4,0.7860,0.0010
49,0,0.7870,0.0010
464,2,0.7880,0.0010
35,3,0.7880,0.0010
80,0,0.7890,0.0010
112,4,0.7920,0.0030
464,4,0.8020,0.0100
80,0,0.8020,0.0100
80,0,0.8030,0.0010
112,2,0.8060,0.0030
80,0,0.8070,0.0010
464,4,0.8090,0.0020
464,2,0.8110,0.0020
112,4,0.8120,0.0010
24,2,0.8160,0.0040
112,2,0.8260,0.0100
35,4,0.8330,0.0070
112,3,0.8330,0.0070
35,2,0.8380,0.0050
464,2,0.8560,0.0180
112,0,0.8570,0.0010
24,4,0.8590,0.0020
112,4,0.8620,0.0030
112,0,0.8650,0.0030
35,4,0.8670,0.0020
35,4,0.8690,0.0020
35,4,0.8700,0.0010
35,4,0.8700,0.0010
464,3,0.8720,0.0020
35,4,0.8780,0.0060
35,4,0.8790,0.0010
35,4,0.8800,0.0010
35,3,0.8810,0.0010
35,4,0.8830,0.0020
24,3,0.8840,0.0010
35,2,0.8850,0.0010
35,3,0.8860,0.0010
35,2,0.8870,0.0010
80,0,0.8890,0.0020
35,2,0.8900,0.0010
15,0,0.8910,0.0010
80,4,0.8920,0.0010
35,2,0.8940,0.0020
467,2,0.8950,0.0010
55,0,0.8960,0.0010
49,0,0.8990,0.0030
80,0,0.9000,0.0010
24,0,0.9010,0.0010
49,0,0.9070,0.0060
49,0,0.9120,0.0050
49,0,0.9200,0.0080
35,2,0.9210,0.0010
35,2,0.9220,0.0010
35,3,0.9230,0.0010
35,3,0.9240,0.0010
35,2,0.9250,0.0010
35,2,0.9250,0.0010
467,4,0.9260,0.0010
35,2,0.9260,0.0010
35,2,0.9270,0.0010
35,2,0.9280,0.0010
49,0,0.9300,0.0020
49,0,0.9300,0.0020
35,4,0.9310,0.0010
367,0,0.9320,0.0010367,0,0.9320,0.0010
35,3,0.9330,0.0010
35,3,0.9340,0.0010
355,4,0.9580,0.0240
367,0,0.9650,0.0070
35,3,0.9650,0.0070
355,4,0.9670,0.0020
464,2,0.9680,0.0010
18,4,0.9780,0.0100
367,0,0.9790,0.0010367,0,0.9790,0.0010
35,3,0.9900,0.0110
35,3,0.9900,0.0110
35,3,0.9940,0.0040
35,3,0.9950,0.0010
464,0,0.9970,0.0020
35,3,0.9980,0.0010
24,4,1.0000,0.0020
35,3,1.0000,0.0020
35,3,1.0060,0.0060
112,4,1.0150,0.0090
112,2,1.0180,0.0030
35,3,1.0350,0.0170
61,4,1.0430,0.0080
61,2,1.0440,0.0010
61,0,1.0470,0.0030
464,2,1.0540,0.0070
51,4,1.0590,0.0050
51,0,1.0600,0.0010
74,2,1.0610,0.0010
40,2,1.0620,0.0010
35,3,1.0630,0.0010
35,3,1.0630,0.0010
40,4,1.0640,0.0010
80,2,1.0650,0.0010
80,2,1.0660,0.0010
80,2,1.0660,0.0010
112,2,1.0670,0.0010
80,4,1.0680,0.0010
51,3,1.0690,0.0010
51,3,1.0690,0.0010
49,3,1.0700,0.0010
49,3,1.0700,0.0010
15,2,1.0710,0.0010
80,3,1.0740,0.0030
35,4,1.0750,0.0010
464,2,1.0760,0.0010
35,4,1.0770,0.0010
112,3,1.0780,0.0010
464,3,1.0790,0.0010
464,4,1.0800,0.0010
35,4,1.0810,0.0010
15,2,1.0820,0.0010
35,0,1.0830,0.0010
35,0,1.0830,0.0010
4,0,1.0840,0.0010
467,3,1.0850,0.0010
76,0,1.1170,0.0320
76,0,1.1210,0.0040
76,0,1.1220,0.0010
76,0,1.1340,0.0120
414,0,1.1370,0.0030
14,0,1.1380,0.0010
414,0,1.1470,0.0090
24,0,1.1780,0.0310
24,0,1.1790,0.0010
73,0,1.2420,0.0630
73,0,1.2450,0.0030
24,0,1.2500,0.0050
24,0,1.2590,0.0090
24,0,1.2750,0.0160
24,0,1.2760,0.0010
18,0,1.3190,0.0430
23,0,1.3220,0.0030
23,0,1.3330,0.0110
24,0,1.3540,0.0210
35,0,1.3700,0.0160
414,0,1.3920,0.0220
414,0,1.4050,0.0130
451,0,1.4520,0.0470
451,0,1.4650,0.0130
451,0,1.5460,0.0810
414,0,1.5490,0.0030
451,0,1.5730,0.0240
451,0,1.5770,0.0040
451,0,1.5780,0.0010
451,0,1.5810,0.0030
451,0,1.5820,0.0010
414,0,1.5830,0.0010
414,0,1.5840,0.0010
35,0,1.6010,0.0170
35,0,1.6050,0.0040
35,0,1.6060,0.0010
35,0,1.6150,0.0090
35,0,1.6190,0.0040
35,0,1.6260,0.0070
35,0,1.6290,0.0030
73,0,1.6530,0.0240
73,0,1.6540,0.0010
35,0,1.6880,0.0340
24,0,1.7140,0.0260
414,0,1.7350,0.0210
35,0,1.7830,0.0480
35,0,1.7840,0.0010
35,0,1.7860,0.0020
35,0,1.7880,0.0020
35,0,1.7890,0.0010
35,0,1.7910,0.0020
35,0,1.7920,0.0010
35,0,1.7940,0.0020
35,0,1.7950,0.0010
35,0,1.7970,0.0020
414,0,2.0150,0.2180
414,0,2.0430,0.0280
25,0,2.0460,0.0030
35,0,2.0560,0.0100
414,0,2.0570,0.0010
54,0,2.0730,0.0160
80,0,2.0750,0.0020
80,0,2.0760,0.0010
140,0,2.1060,0.0300
61,0,2.1250,0.0190
51,0,2.1270,0.0020
40,0,2.1280,0.0010
42,0,2.1300,0.0020
15,0,2.1310,0.0010
346,0,2.1380,0.0070
37,0,2.1410,0.0030
55,0,2.1450,0.0040
49,0,2.1470,0.0020
35,0,2.1480,0.0010
35,0,2.1490,0.0010
76,0,2.1520,0.0030
54,0,2.1560,0.0040
25,0,2.1570,0.0010
35,0,2.1600,0.0030
35,0,2.1610,0.0010
35,0,2.1620,0.0010
35,0,2.1630,0.0010
35,0,2.1640,0.0010
35,0,2.1650,0.0010
35,0,2.1660,0.0010
35,0,2.1670,0.0010
35,0,2.1680,0.0010
35,0,2.1690,0.0010
35,0,2.1700,0.0010
35,0,2.1710,0.0010
35,0,2.1720,0.0010
35,0,2.1730,0.0010
35,0,2.1740,0.0010
35,0,2.1750,0.0010
35,0,2.1760,0.0010
35,0,2.1770,0.0010
35,0,2.1780,0.0010
35,0,2.1790,0.0010
35,0,2.1800,0.0010
35,0,2.1810,0.0010
35,0,2.1820,0.0010
35,0,2.1830,0.0010
35,0,2.1840,0.0010
35,0,2.1850,0.0010
35,0,2.1860,0.0010
35,0,2.1870,0.0010
35,0,2.1880,0.0010
35,0,2.1890,0.0010
35,0,2.1900,0.0010
35,0,2.1910,0.0010
35,0,2.1920,0.0010
35,0,2.1930,0.0010
35,0,2.1940,0.0010
35,0,2.1950,0.0010
35,0,2.1960,0.0010
35,0,2.1970,0.0010
35,0,2.1980,0.0010
35,0,2.1990,0.0010
35,0,2.2000,0.0010
35,0,2.2010,0.0010
35,0,2.2020,0.0010
35,0,2.2030,0.0010
25,0,2.2130,0.0100
18,0,2.2160,0.0030
451,0,2.2180,0.0020
451,0,2.2190,0.0010
451,0,2.2200,0.0010
451,0,2.2210,0.0010
18,0,2.2270,0.0060
18,0,2.2280,0.0010
18,0,2.2370,0.0090
18,0,2.2530,0.0160
18,0,2.2550,0.0020
18,0,2.2570,0.0020
18,0,2.2600,0.0030
18,0,2.2640,0.0040
23,0,2.2660,0.0020
15,0,2.2670,0.0010
18,0,2.2680,0.0010
23,0,2.2690,0.0010
4834,0,2.2700,0.0010
37,0,2.2760,0.0060
35,0,2.2790,0.0030
80,0,2.2810,0.0020
246,0,2.3420,0.0610
246,0,2.3430,0.0010
33,0,2.3670,0.0240
18,0,2.3680,0.0010
18,0,2.3690,0.0010
18,0,2.3730,0.0040
18,0,2.3740,0.0010
18,0,2.3750,0.0010
18,0,2.3830,0.0080
18,0,2.3840,0.0010
18,0,2.3860,0.0020
23,0,2.3870,0.0010
15,0,2.3920,0.0050
18,0,2.3950,0.0030
18,0,2.3960,0.0010
23,0,2.3970,0.0010
15,0,2.4080,0.0110
18,0,2.5310,0.1230
18,0,2.5340,0.0030
51,0,2.5450,0.0110
74,0,2.5470,0.0020
35,0,2.5530,0.0060
35,0,2.5560,0.0030
35,0,2.5650,0.0090
451,0,2.5700,0.0050
451,0,2.5710,0.0010
35,0,2.5760,0.0050
35,0,2.6040,0.0280
4101,0,2.6080,0.0040
37,0,2.6120,0.0040
4224,0,2.6160,0.0040
5169,0,2.6170,0.0010
296,0,2.6200,0.0030
66,0,2.6220,0.0020
0,0,2.6450,0.0230
28,0,2.6510,0.0060
15,0,2.6600,0.0090
15,0,2.6620,0.0020
25,0,2.6640,0.0020
288,0,2.6740,0.0100
22,0,2.6830,0.0090
288,0,2.6850,0.0020
23,0,2.6980,0.0130
28,0,2.7080,0.0100
15,0,2.7090,0.0010
5,0,2.7110,0.0020
18,0,2.7150,0.0040
414,0,2.7250,0.0100
451,0,2.7370,0.0120
451,0,2.7410,0.0040
451,0,2.7420,0.0010
451,0,2.7510,0.0090
414,0,2.7530,0.0020
451,0,2.7710,0.0180
451,0,2.7720,0.0010
24,0,2.7740,0.0020
451,0,2.7750,0.0010
414,0,2.7800,0.0050
414,0,2.7900,0.0100
451,0,2.8090,0.0190
191,0,2.8130,0.0040
414,0,2.8190,0.0060
451,0,2.8240,0.0050
54,0,2.8290,0.0050
25,0,2.8310,0.0020
191,0,2.8410,0.0100
414,0,2.8510,0.0100
191,0,2.8700,0.0190
414,0,2.8710,0.0010
14,0,2.8920,0.0210
415,0,2.9010,0.0090
14,0,2.9040,0.0030
67,0,2.9050,0.0010
35,0,2.9140,0.0090
35,0,2.9150,0.0010
35,0,2.9160,0.0010
24,0,2.9330,0.0170
24,0,2.9350,0.0020
24,0,2.9360,0.0010
24,0,2.9510,0.0150
7,0,2.9690,0.0180
339,0,3.0310,0.0620
7,0,3.0470,0.0160
25,0,3.0620,0.0150
61,0,3.0740,0.0120
25,0,3.0810,0.0070
25,0,3.1290,0.0480
25,0,3.1300,0.0010
23,0,3.1510,0.0210
355,0,3.1830,0.0320
72,0,3.1910,0.0080
201,0,3.1930,0.0020
435,0,3.1950,0.0020
144,0,3.1990,0.0040
442,0,3.2120,0.0130
355,0,3.2210,0.0090
442,0,3.2240,0.0030
355,0,3.2260,0.0020
355,0,3.2450,0.0190
430,0,3.2740,0.0290
85,0,3.2850,0.0110
74,0,3.2930,0.0080
40,0,3.2970,0.0040
15,0,3.2980,0.0010
18,0,3.3040,0.0060
33,0,3.3670,0.0630
140,0,3.3740,0.0070
33,0,3.3880,0.0140
18,0,3.3910,0.0030
50,0,3.3920,0.0010
18,0,3.3940,0.0020
23,0,3.3950,0.0010
15,0,3.3960,0.0010
18,0,3.4040,0.0080
15,0,3.4050,0.0010
18,0,3.4060,0.0010
18,0,3.4160,0.0100
50,0,3.4190,0.0030
23,0,3.4330,0.0140
23,0,3.4340,0.0010
35,0,3.4670,0.0330
35,0,3.4680,0.0010
18,0,3.5000,0.0320
23,0,3.5020,0.0020
296,0,3.5270,0.0250
33,0,3.5280,0.0010
33,0,3.5300,0.0020
33,0,3.5360,0.0060
33,0,3.5370,0.0010
33,0,3.5450,0.0080
33,0,3.5470,0.0020
33,0,3.5480,0.0010
33,0,3.5490,0.0010
33,0,3.5500,0.0010
296,0,3.5610,0.0110
54,0,3.5850,0.0240
22,0,3.5990,0.0140
23,0,3.6090,0.0100
15,0,3.6150,0.0060
72,0,3.6230,0.0080
24,0,3.6580,0.0350
18,0,3.6750,0.0170
18,0,3.6760,0.0010
18,0,3.6780,0.0020
23,0,3.6790,0.0010
15,0,3.6810,0.0020
18,0,3.6830,0.0020
18,0,3.6840,0.0010
18,0,3.6890,0.0050
33,0,3.6980,0.0090
88,0,3.7030,0.0050
347,0,3.7040,0.0010
347,0,3.7050,0.0010
36,0,3.7060,0.0010
296,0,3.7070,0.0010
33,0,3.7120,0.0050
33,0,3.7150,0.0030
33,0,3.7160,0.0010
33,0,3.7170,0.0010
33,0,3.7180,0.0010
33,0,3.7190,0.0010
33,0,3.7860,0.0670
33,0,3.7870,0.0010
33,0,3.7880,0.0010
15,0,3.8070,0.0190
15,0,3.8080,0.0010
22,0,3.8130,0.0050
18,0,3.8150,0.0020
15,0,3.8160,0.0010
22,0,3.8180,0.0020
22,0,3.8190,0.0010
18,0,3.8290,0.0100
54,0,3.8350,0.0060
25,0,3.8360,0.0010
451,0,3.8420,0.0060
451,0,3.8450,0.0030
22,0,3.8470,0.0020
288,0,3.8480,0.0010
23,0,3.8490,0.0010
15,0,3.8500,0.0010
72,0,3.8550,0.0050
60,0,3.8610,0.0060
33,0,3.9350,0.0740
121,0,3.9410,0.0060
137,0,3.9420,0.0010
140,0,3.9920,0.0500
140,0,4.0990,0.1070
140,0,4.2070,0.1080
140,0,4.2130,0.0060
430,0,4.2250,0.0120
65,0,4.2350,0.0100
15,0,4.2360,0.0010
80,0,4.2400,0.0040
33,0,4.3090,0.0690
122,0,4.3110,0.0020
140,0,4.3160,0.0050
140,0,4.3260,0.0100
140,0,4.4360,0.1100
140,0,4.5640,0.1280
35,0,4.5860,0.0220
35,0,4.5880,0.0020
35,0,4.5900,0.0020
35,0,4.5920,0.0020
73,0,4.5970,0.0050
73,0,4.5990,0.0020
7,0,4.6010,0.0020
7,0,4.6060,0.0050
7,0,4.6080,0.0020
7,0,4.6330,0.0250
8,0,4.6360,0.0030
73,0,4.6440,0.0080
7,0,4.6450,0.0010
15,0,4.6630,0.0180
44,0,4.6830,0.0200
15,0,4.7400,0.0570
15,0,4.7490,0.0090
15,0,4.7510,0.0020
15,0,4.7590,0.0080
13,0,4.7680,0.0090
15,0,4.7760,0.0080
15,0,4.7800,0.0040
15,0,4.7810,0.0010
15,0,4.7850,0.0040
15,0,4.7960,0.0110
15,0,4.7990,0.0030
15,0,4.8000,0.0010
15,0,4.8270,0.0270
15,0,4.8280,0.0010
15,0,4.8290,0.0010
18,0,4.8310,0.0020
13,0,4.8360,0.0050
15,0,4.9110,0.0750
15,0,4.9180,0.0070
15,0,4.9350,0.0170
